Input arguments = Namespace(data_update='single', dataset='forest', debug=False, drift_test='js', model_update='adapt', model='naru', random_seed=42, num_workload=50)

WORKLOAD-FINISHED | Type: DataUpdateWorkload | Progress: 1/50 | Workload-time: 3.268837 | Model-update-time: 0.000000

ReportEsts: [1.3643949930458972, 1.0364077669902914, 1.2306542056074767, 1.9336071526960354, 2.5036674816625917, 1.475206611570248, 1.0, 1.0, 18.0, 1.0, 1.2244897959183674, 1.2852299215935579, 1.0, 1.0, 1.0, 1.4651162790697674, 1.0, 1.6666666666666667, 1.0, 1.0, 8.0, 210.0, 3.8766233766233764, 1.2084969653695108, 1.0, 3.380952380952381, 1.0093014106671163, 1.2292071721754159, 1.0476190476190477, 1.0, 1.0, 1.1123919308357348, 1.1193657758276825, 1.0, 1.6153846153846154, 214.0, 62.0, 1.0, 1.3, 1.0, 1.0, 29.0, 1.0, 1.0, 2.0, 1.0, 2.5, 1.0, 85.0, 1.072519491615935]

WORKLOAD-FINISHED | Type: QueryWorkload | Progress: 2/50 | Workload-time: 3.989356 | Model-update-time: 0.000000

ReportEsts: [1.0178571428571428, 3.5714285714285716, 17.0, 2.0, 1.0, 1.0, 1.0, 5.0, 1.0, 1.0, 1.159500693481276, 1.0, 7.0, 1.0, 1.8, 86.0, 2.217573221757322, 1.0, 2.1666666666666665, 25.0, 3.0, 1.0, 1.1852459016393442, 1.0548358371872577, 2241.0, 1.0, 1.256396866840731, 1.2444745151105097, 1.0, 1.0, 1.1125952091842366, 1.0, 1.3150912106135986, 1.0072388831437435, 1.0, 1.222707423580786, 1.1136363636363635, 1.0, 1.0, 2.0, 2.0, 1.0, 1.0, 1.0, 886.0, 1.0, 1.0, 1.512, 1.0, 1.0014009806864805]

WORKLOAD-FINISHED | Type: QueryWorkload | Progress: 3/50 | Workload-time: 4.005900 | Model-update-time: 0.000000

WORKLOAD-FINISHED | Type: DataUpdateWorkload | Progress: 4/50 | Workload-time: 3.239801 | Model-update-time: 0.000000

ReportEsts: [1.0, 1.625, 1.270718232044199, 2.4, 1.2195121951219512, 1.5833333333333333, 1.4100418410041842, 1.0043859649122806, 1.4193548387096775, 1.0, 13.0, 1.007696906292034, 3.6666666666666665, 2.0, 1.3636363636363635, 1.0, 1.0, 1.6963235294117647, 1.15, 1.0, 1.0, 1.0210323590741883, 2.0, 1.0, 1.3703703703703705, 1.6666666666666667, 1.8181818181818181, 1.2192554782210576, 1.0, 2.0, 1.0, 153.0, 1.6330793254216114, 9, 2.75, 1.0, 1.0, 1.0, 1.0, 32.0, 1.25, 1.5236363636363637, 1.0, 1.1169064748201438, 1.0, 1.0, 1.0, 1.0, 1.0, 1.6278836509528585]

WORKLOAD-FINISHED | Type: QueryWorkload | Progress: 5/50 | Workload-time: 4.021367 | Model-update-time: 0.000000

ReportEsts: [1.0, 1.0, 1.0, 1.2, 1.0, 1.1199003598117907, 1.4642857142857142, 1.0, 1.2195559937325047, 1.0, 1.1666666666666667, 1.0, 2.0, 124.0, 1.386138613861386, 1.0, 1.0, 4.0, 1.0, 1.0, 1.3421052631578947, 1.3634804303757992, 1.0, 2.0, 1.6481481481481481, 1.1134820562560621, 1.2695222467775134, 1.0, 1.3359375, 1.0, 4.090909090909091, 1.0, 1.0, 1.0, 1.2699619771863118, 2.0, 1.3815567643222955, 1.5, 110.0, 1.4166666666666667, 1.0303030303030303, 1.0, 1.183252427184466, 1.0, 1.0, 1.6938775510204083, 1.0, 1.0, 1.0, 1.0]

WORKLOAD-FINISHED | Type: QueryWorkload | Progress: 6/50 | Workload-time: 4.013619 | Model-update-time: 0.000000

ReportEsts: [1.7660550458715596, 1.561904761904762, 2.0, 1.0, 1.0, 2.4077887197851386, 1.0, 1.0, 6.0, 1.0, 116.0, 1.0, 2.125, 1.2871729419272495, 1.0, 1.0, 1.0, 1.0, 1.0, 9.5, 1.0, 28.0, 1.0, 1.0, 1.0121758418084428, 2.0, 1.0, 1.3765822784810127, 1.0, 1.0, 1.0, 3.6, 65.0, 1.0, 1.0350618467380686, 2.0, 1.003954802259887, 1.0, 1.0833333333333333, 1.0026201010386269, 1.2984562607204118, 1.065217391304348, 1.0, 1.434782608695652, 1.0, 1.0, 1.0, 1.0, 91.0, 1.0185704274702172]

WORKLOAD-FINISHED | Type: QueryWorkload | Progress: 7/50 | Workload-time: 3.983730 | Model-update-time: 0.000000

ReportEsts: [1.0, 1.0, 2.0, 1.0, 1.0, 22.0, 1.2697938452345383, 1.1935483870967742, 1.25, 1.0, 1.3333333333333333, 1.4259259259259258, 1.0, 1.259504132231405, 1.0, 1.0, 1.2906976744186047, 1.0, 2.0, 1.0217391304347827, 2.0, 1.0, 1.0, 3.5238095238095237, 1.0, 1.0624133148404993, 1.1077654516640254, 2.25, 1.25, 38.0, 1.0, 1.0, 5.0, 69, 1.0, 1.0, 90.0, 34.0, 1.0, 15.0, 1.0, 1.7857142857142858, 32, 304.0, 14.027131782945736, 1.0218978102189782, 1.0, 10.0, 1.5384615384615385, 1.2313187715552636]

WORKLOAD-FINISHED | Type: QueryWorkload | Progress: 8/50 | Workload-time: 3.967824 | Model-update-time: 0.000000

WORKLOAD-FINISHED | Type: DataUpdateWorkload | Progress: 9/50 | Workload-time: 3.342511 | Model-update-time: 0.000000

ReportEsts: [26.0, 1.4736842105263157, 1.3776414451261076, 1.1882086167800454, 46.142857142857146, 1.0, 36.0, 1.75, 2.0, 1.0, 1.0, 1.0, 1.3937007874015748, 1.5365853658536586, 1.0, 1.0, 1.0, 1.0, 1.1112107382068916, 1.0186056613335264, 1.1409448818897638, 35, 1.070048309178744, 1.0, 1.9447513812154695, 1.0, 1.0, 1.0, 1.1797603195739015, 1.1792405063291138, 1.75, 116.5, 60.0, 1.14026792750197, 182.0, 1.125, 1.6666666666666667, 1.0028489211384213, 1.0, 1.74601686972821, 1.0, 1.875, 1.0, 1.125, 1.0, 2.0, 22.0, 1.0849332899446795, 2.0, 1.0]

WORKLOAD-FINISHED | Type: QueryWorkload | Progress: 10/50 | Workload-time: 4.015289 | Model-update-time: 0.000000

WORKLOAD-FINISHED | Type: DataUpdateWorkload | Progress: 11/50 | Workload-time: 3.557560 | Model-update-time: 0.000000

WORKLOAD-FINISHED | Type: DataUpdateWorkload | Progress: 12/50 | Workload-time: 3.282385 | Model-update-time: 0.000000

WORKLOAD-FINISHED | Type: DataUpdateWorkload | Progress: 13/50 | Workload-time: 3.357746 | Model-update-time: 0.000000

ReportEsts: [1.0, 9.0, 1.0, 1.0, 1.0947630922693268, 41.0, 1.0, 1.9615384615384615, 1.2, 1.0, 1.1317906941876155, 1.0273972602739727, 2.4, 1.0119645752106863, 1.3953488372093024, 1.0, 10.0, 2.6117954210737717, 1.0, 1.0, 1.0, 51.0, 1.0, 1.0, 1.7951354558038364, 1.0555555555555556, 3.0, 1.75, 1.5714285714285714, 1.0, 1.0, 1.2, 1.2044230011076276, 1.0275229357798166, 1.0, 1.0, 37.0, 1.0, 2.3684210526315788, 83.0, 1.0746268656716418, 1.0, 1.4, 1.3267386091127098, 1.0, 1.6363636363636365, 36.0, 1.375, 1.1298932384341638, 1.5833333333333333]

WORKLOAD-FINISHED | Type: QueryWorkload | Progress: 14/50 | Workload-time: 4.016972 | Model-update-time: 0.000000

WORKLOAD-FINISHED | Type: DataUpdateWorkload | Progress: 15/50 | Workload-time: 3.321587 | Model-update-time: 0.000000

ReportEsts: [1.5, 70.0, 127.0, 1.0, 2.0, 1.356687898089172, 1.1400247831474597, 3.0, 1.5630461922596754, 13.0, 1.0, 1.0, 1.0650076180802437, 3.0, 1.694915254237288, 1.0407757334659373, 62.0, 3.3333333333333335, 1.5785714285714285, 1.1492134831460674, 3.0, 1.0, 1.9352088661551576, 2.0, 2.0, 1.297203592133682, 1.0, 1.3845861807137434, 1.0, 1.8823529411764706, 1.0, 1.0, 1.0, 1.1111111111111112, 1.0, 2.0, 1.0, 1.0202531645569621, 1.1880650994575046, 1.0, 214.0, 54.0, 1.0, 1.0, 1.3846153846153846, 2.2142857142857144, 1.0, 1.3043478260869565, 1.0, 60.55555555555556]

WORKLOAD-FINISHED | Type: QueryWorkload | Progress: 16/50 | Workload-time: 4.015836 | Model-update-time: 0.000000

ReportEsts: [1.3616236162361623, 1.0, 1.0166666666666666, 1.0, 1.7878787878787878, 1.1627906976744187, 1.0, 1.0478239107270622, 1.0588235294117647, 1.1415264527320035, 2.4, 1.2105263157894737, 1.1814724259712035, 1.0277777777777777, 1.0, 1.0356445106610257, 26.0, 1.3454545454545455, 44.0, 1.0736842105263158, 1.2243800153231985, 1.0, 1.0, 1.476923076923077, 2.7777777777777777, 1.3217391304347825, 1.4033333869075362, 1.470873786407767, 36.0, 1.0163934426229508, 1.0, 1.3818181818181818, 1.0882739914580086, 25.0, 1.2493150684931507, 1.75, 1.0, 1.78125, 1.0, 1.0, 1.0, 1.25, 1.0, 1.4722222222222223, 1.00418410041841, 1.0, 2.3, 1.0, 1.4217659956149094, 12.0]

WORKLOAD-FINISHED | Type: QueryWorkload | Progress: 17/50 | Workload-time: 4.012221 | Model-update-time: 0.000000

ReportEsts: [1.0, 99.0, 1.428400954653938, 1.0, 1.0, 1.55, 2.0, 325.0, 1.0, 1.0, 20.96, 1.1428571428571428, 1.0, 5.055555555555555, 1.0, 1.0, 1.0, 1.0, 1.1417525773195876, 1.0, 1.0, 1.0, 1.0, 1.44141689373297, 5.0, 1.0, 1.5, 1.0, 1.0, 2.0, 1.0194174757281553, 1.1428571428571428, 1.0, 1.0341316139596766, 180.0, 1.041044776119403, 1.1769000598444046, 1.6153846153846154, 1.0, 28.0, 2.0, 1.7142857142857142, 1.0580863121185702, 1.0, 1.0, 3.0, 1.064516129032258, 2.25, 1.0, 4.0]

WORKLOAD-FINISHED | Type: QueryWorkload | Progress: 18/50 | Workload-time: 3.979327 | Model-update-time: 0.000000

ReportEsts: [1.0, 1.75, 1.7272727272727273, 220.0, 2.222159090909091, 2.0, 1.0, 1.5713141025641026, 1.503348384448484, 1.0, 1.6666666666666667, 1.4, 1.0, 1.5, 159.0, 1.0, 1.0, 1.2421343146274149, 1.0, 1.4783393501805053, 1.0, 99.66666666666667, 1.0, 1.0, 1.0, 1.0, 1.0, 52.0, 7.75, 1.0, 2.0, 17.940594059405942, 1.0526315789473684, 1.0, 1.6666666666666667, 1.0, 1.0, 1.0, 103.0, 1.09609375, 23.0, 1.131919905771496, 1.5, 299.0, 1.0, 2.03125, 1.25, 1.2962962962962963, 1.0, 1.0]

WORKLOAD-FINISHED | Type: QueryWorkload | Progress: 19/50 | Workload-time: 3.986259 | Model-update-time: 0.000000

ReportEsts: [1.9523809523809523, 1.0, 1.0, 1.5, 2.0, 1.0247726560050172, 1.0127612292082875, 1.0, 1.283031674208145, 3.8, 1.0836120401337792, 1.3823529411764706, 1.0, 1.1973684210526316, 1.0, 1.0251762336354482, 1.8, 1.3480176211453745, 10.0, 1.0, 2.0, 1.186426819296811, 1.0, 2.10546875, 1.0927536231884059, 1.0, 1.0, 1.0, 1.0, 4.5, 1.0, 1.1765267175572518, 2.0, 1.1363216266173752, 12.023255813953488, 1.2327586206896552, 1.0, 1.0, 1.0, 1.0, 17.0, 2.0, 1.0, 1.0, 8.0, 1.0, 4.0, 1.0, 1.0, 1.4166666666666667]

WORKLOAD-FINISHED | Type: QueryWorkload | Progress: 20/50 | Workload-time: 4.028148 | Model-update-time: 0.000000

ReportEsts: [1.0, 14.0, 1.0819672131147542, 1.0, 25.0, 1.0, 2.2, 1.0, 3.759375, 1.0, 1.5714285714285714, 1.3491640839844603, 1.1800615355927462, 1.0, 5.666666666666667, 1.025617189678756, 1.5488215488215489, 1.0, 1.0, 54, 1.0, 17.0, 1.15, 2.0, 1.1470588235294117, 88.0, 1.3333333333333333, 2.0, 1.2364767831498324, 1.0, 1.0, 1.6666666666666667, 2.0, 1.0, 2.7666666666666666, 1.8333333333333333, 1.170731707317073, 1.3333333333333333, 1.5381355932203389, 1.0076370530588268, 1.292857142857143, 1.0, 1.1315006064169943, 9.956692913385826, 1.1189189189189188, 4.980891719745223, 2.970496894409938, 1.2916666666666667, 1.1003787878787878, 1.058139534883721]

WORKLOAD-FINISHED | Type: QueryWorkload | Progress: 21/50 | Workload-time: 3.988219 | Model-update-time: 0.000000

WORKLOAD-FINISHED | Type: DataUpdateWorkload | Progress: 22/50 | Workload-time: 3.370536 | Model-update-time: 0.000000

WORKLOAD-FINISHED | Type: DataUpdateWorkload | Progress: 23/50 | Workload-time: 3.376350 | Model-update-time: 0.000000

ReportEsts: [268.0, 69.0, 1.0, 1.0, 3.0, 1.293160690571049, 9.0, 1.0, 1.0, 1.0, 1.296875, 1.65, 1.0, 1.0, 1.0, 1.0, 2.4545454545454546, 1.1666666666666667, 1.0, 1.0, 43.0, 1.4225352112676057, 4301.0, 2.611111111111111, 1.0, 4.942831753554502, 1.4065787062488546, 1.0, 3.0, 1.4, 59.0, 1.0, 1.0, 1.0142672358953335, 3.0, 1.0, 1.0, 1.0, 1.0, 1.1612903225806452, 1.0, 1.243309315491508, 1.0, 1.0, 1.1759888858207925, 1.2260115188176912, 1.0069405099150142, 1.8074534161490683, 9.8, 1.2745098039215685]

WORKLOAD-FINISHED | Type: QueryWorkload | Progress: 24/50 | Workload-time: 4.050339 | Model-update-time: 0.000000

WORKLOAD-FINISHED | Type: DataUpdateWorkload | Progress: 25/50 | Workload-time: 3.545870 | Model-update-time: 0.000000

ReportEsts: [4.054794520547945, 4.0, 3.25, 1.4307692307692308, 1.0, 1.0, 1.0577777777777777, 14.0, 1.3636363636363635, 1.0, 1.0, 1.0, 19.0, 1.0, 1.2361920747612676, 1.1670104435807804, 1.0, 1.0, 1.0225482205922303, 44.0, 1.0, 1.8333333333333333, 1.2357429718875501, 1.2355844877055502, 1.0, 1.0, 1.0, 1.1431837324028395, 1.0, 1.073903464850791, 1.0, 1.0, 1.0, 3.5625, 1.0, 2.0, 1.0, 1.0, 2.090909090909091, 1.2238414762004612, 4.0, 87.0, 1.3002680965147453, 1.25, 1.0, 1.1940298507462686, 1.4020391843262694, 1.096774193548387, 136, 1.0]

WORKLOAD-FINISHED | Type: QueryWorkload | Progress: 26/50 | Workload-time: 4.041589 | Model-update-time: 0.000000

WORKLOAD-FINISHED | Type: DataUpdateWorkload | Progress: 27/50 | Workload-time: 3.440002 | Model-update-time: 0.000000

WORKLOAD-FINISHED | Type: DataUpdateWorkload | Progress: 28/50 | Workload-time: 3.442044 | Model-update-time: 0.000000

WORKLOAD-FINISHED | Type: DataUpdateWorkload | Progress: 29/50 | Workload-time: 3.528719 | Model-update-time: 0.000000

WORKLOAD-FINISHED | Type: DataUpdateWorkload | Progress: 30/50 | Workload-time: 3.518527 | Model-update-time: 0.000000

ReportEsts: [2.0, 1.0, 1.0091324200913243, 1.0909090909090908, 38.5, 21.0, 1.1111111111111112, 1.1428571428571428, 1.0, 1.1159420289855073, 1.9943181818181819, 53.0, 1.2, 1.368421052631579, 1.1666666666666667, 1.536798764796706, 1.250202167232735, 1.0, 1.0, 1.3125, 1.1614853195164077, 1.0, 1.0, 48.0, 1.0, 1.0, 1.5, 1.1027667984189724, 1.0, 1.2434782608695651, 336.0, 1.0, 1.0, 1.509090909090909, 1.0, 36.0, 325.0, 1.0, 1.424929178470255, 1.0, 25.0, 1.2089224850673237, 1.0, 1.0, 1.0, 141.0, 1.0, 1.2743234868828754, 1.0, 2.0]

WORKLOAD-FINISHED | Type: QueryWorkload | Progress: 31/50 | Workload-time: 4.009033 | Model-update-time: 0.000000

ReportEsts: [1.159597863650644, 5.0, 95.0, 1.0, 2.0, 1.0, 1.0, 1.138066433195373, 1.394736842105263, 1.0, 1.0, 1.0, 1.0, 1.244782110091743, 1.0, 1.0, 1.0, 1.0, 1.0588235294117647, 1.0, 8.0, 1.0, 36.0, 1.0, 1.0, 6.333333333333333, 2.5161290322580645, 8.142857142857142, 1.0, 1.0, 1.1441812564366631, 1.7270471464019852, 2.286290322580645, 1.0, 1.0, 1.0, 1.0, 44, 14.0, 2.5, 6.0, 1.0, 1.0, 2.0, 1.0, 1.75, 1.9090909090909092, 1.0, 1.0, 1.3064516129032258]

WORKLOAD-FINISHED | Type: QueryWorkload | Progress: 32/50 | Workload-time: 4.040734 | Model-update-time: 0.000000

ReportEsts: [3.933333333333333, 1.0, 2.0, 1.5, 54.0, 2.217821782178218, 1.0, 1.3920619554695064, 1.0, 1.0, 1.0, 1.0, 1.1997116077865897, 44.0, 1.0, 5.4, 1.2048192771084338, 2.3333333333333335, 1.6666666666666667, 1.0, 1.1764705882352942, 1.1473087818696883, 1.0139275766016713, 2.0, 1.2104970841432936, 1.2585924713584289, 1.0, 1.4040697674418605, 1.5, 1.0, 40.0, 1.0, 1.0, 1.0, 1.0769230769230769, 1.0, 1.0, 4.5, 1.1179376350725532, 1.4958942607473762, 1.0, 55.0, 1.47679892400807, 239.0, 1.2992957746478873, 1.306532663316583, 1.75, 10.818181818181818, 1.0, 120.0]

WORKLOAD-FINISHED | Type: QueryWorkload | Progress: 33/50 | Workload-time: 4.027873 | Model-update-time: 0.000000

WORKLOAD-FINISHED | Type: DataUpdateWorkload | Progress: 34/50 | Workload-time: 3.531219 | Model-update-time: 0.000000

ReportEsts: [24.0, 1.3448275862068966, 1.0, 89.0, 1.0, 1.0, 1.0, 1.0, 11.0, 1.1211640973923065, 1.0, 2.6666666666666665, 1.3846153846153846, 1.0, 1.0, 1.0, 1.0, 1.0, 1.1475409836065573, 1.0, 1.12, 1.0, 1.0, 1.0, 1.0, 10.375, 1.0, 1.1, 1.0, 41, 1.5, 1.0, 2.0, 9.0, 57.0, 1.0325355349045284, 1.125, 1.068226670425712, 1.5, 1.0, 1.2886927122464313, 1.0, 1.0, 1.0, 3.1514593741782804, 1.2465828081186325, 1.0, 1.0, 1.0, 1.1798750714009323]

WORKLOAD-FINISHED | Type: QueryWorkload | Progress: 35/50 | Workload-time: 3.994677 | Model-update-time: 0.000000

ReportEsts: [1.0172413793103448, 1.0, 1.1374177373863992, 1.1358711566617863, 1.0384615384615385, 5.0, 1.0, 1.8448973585460966, 1.0, 1.3179972936400541, 1.0, 1.0, 1.3011828935395815, 1.0, 1.04, 22.0, 1.0, 1.0, 1.0034424853064652, 1.0135135135135136, 12.333333333333334, 1.0, 64.0, 1.0, 1.2119712901701323, 1.0, 1.2007104795737122, 8.352941176470589, 1.7, 1.0, 1.0, 1.0, 93.0, 11.88888888888889, 1.0740740740740742, 1.3533333333333333, 66.0, 2.6, 1.3663434903047091, 1.0, 1.0165289256198347, 1.1672272945699183, 1.0, 2.1893491124260356, 1.5315986572753555, 3.340659340659341, 1.0, 1.1570680628272252, 1.3846153846153846, 1.0]

WORKLOAD-FINISHED | Type: QueryWorkload | Progress: 36/50 | Workload-time: 3.974952 | Model-update-time: 0.000000

WORKLOAD-FINISHED | Type: DataUpdateWorkload | Progress: 37/50 | Workload-time: 3.637456 | Model-update-time: 0.000000

ReportEsts: [1.0, 4.133333333333334, 1.2857142857142858, 150.0, 1.0, 1.0, 1.0, 1.0, 12.0, 1.3548387096774193, 3.0, 1.2394366197183098, 1.0, 2.236786469344609, 1.0705535780041733, 1.1938775510204083, 1.3333333333333333, 20.0, 1.0, 1.0091533180778032, 1.0, 1.2285714285714286, 1.4031507339778015, 1.0, 1.207043108682453, 2.5538461538461537, 1.0, 1.0, 1.0, 1.0, 1.3333333333333333, 1.2241379310344827, 1.0833333333333333, 1.3466666666666667, 2.1904761904761907, 1.020456453705824, 1.0, 1.0, 1.1666666666666667, 25.0, 1.0038083192804947, 1.5543981481481481, 1.0, 44.0, 1.0, 1.585, 1.55, 1.2020725388601037, 1.5757575757575757, 1.0]

WORKLOAD-FINISHED | Type: QueryWorkload | Progress: 38/50 | Workload-time: 4.020106 | Model-update-time: 0.000000

WORKLOAD-FINISHED | Type: DataUpdateWorkload | Progress: 39/50 | Workload-time: 3.583382 | Model-update-time: 0.000000

ReportEsts: [1.5, 1.1605344876258588, 1.2391304347826086, 1.0266535044422507, 1.0, 2.0, 1.0, 1.8484848484848484, 1.0, 137.0, 1.0, 1.0372142477405635, 1.0, 2.0, 1.25, 1.0, 14.0, 1.1901560571327807, 1.0, 1.0, 9.0, 1.2, 2.5789473684210527, 20.0, 1.4545454545454546, 1.0, 1.0, 1.0, 1.391304347826087, 2.4, 1.2334494773519165, 2.3026315789473686, 1.157676348547718, 2.730769230769231, 1.2430653502585802, 1.6666666666666667, 1.0, 1.0, 1.1546619531595228, 1.0, 1.185186963452342, 1.0, 1.0, 1.7828282828282829, 1.5910910910910911, 1.0, 1.0, 1.0, 74.0, 1.0]

WORKLOAD-FINISHED | Type: QueryWorkload | Progress: 40/50 | Workload-time: 4.000425 | Model-update-time: 0.000000

ReportEsts: [1.0, 23.0, 1.0, 214.0, 1.0, 2.0, 1.0, 2.0, 2.7231638418079096, 1.0, 7.17948717948718, 1.34375, 1.0, 1.5, 1.0772357723577235, 1.0, 104.0, 1.0, 1.3567567567567567, 1.0, 1.0, 3.25, 2.6666666666666665, 1.3571428571428572, 1.1717657342657342, 1.6506780425207228, 103.0, 1.0, 1.0, 1.0, 1.0497297727966857, 2.272727272727273, 1.2091836734693877, 1.0, 1.0, 1.206840094597053, 1.3292067858780376, 1.5416666666666667, 2.0, 1.0, 3.0, 1.444636678200692, 1.0, 2.336305978558321, 2.0, 1.0, 1.0, 1.08207343412527, 1.0, 1.0]

WORKLOAD-FINISHED | Type: QueryWorkload | Progress: 41/50 | Workload-time: 3.969234 | Model-update-time: 0.000000

ReportEsts: [17.0, 1.0869345281109988, 27.0, 1.2101405643336172, 1.0, 1.6666666666666667, 1.0, 1.0, 31.0, 1.0, 4.0, 1.1764705882352942, 2.0, 2.335837716003005, 1.2049306625577811, 1.0, 1.5, 149.0, 1.21015044327035, 93.0, 1.0, 1.0412204302052839, 1.0, 1.0, 1.0, 1.3333333333333333, 1.0, 1.2142857142857142, 4.287356321839081, 83.33333333333333, 1.0, 1.0, 3.0, 13.0, 1.2723691615081598, 2.142857142857143, 1.2702702702702702, 20.666666666666668, 1.5502318392581145, 1.0, 1.0, 1.9868035190615836, 1.0, 1.0, 2.4, 1.0, 1.067124735729387, 1.260406982749716, 1.132844759222292, 3.2222222222222223]

WORKLOAD-FINISHED | Type: QueryWorkload | Progress: 42/50 | Workload-time: 4.005564 | Model-update-time: 0.000000

ReportEsts: [2.1666666666666665, 15, 1.164319248826291, 4.0, 1.5909090909090908, 1.2857142857142858, 1.4, 1.1666666666666667, 1.0, 1.0, 1.0, 14.0, 98.0, 1.0, 1.353846153846154, 4.571428571428571, 1.6924616410940627, 61.5, 1.4444444444444444, 1.7628226069911794, 1.14915797914996, 1.1144248326232502, 1.0, 1.7792207792207793, 3.0, 3.0, 39.0, 34.0, 1.3373015873015872, 1.4285714285714286, 1.0, 1.037278657968313, 1.3, 1.0, 1.0, 1.0, 1.2133990048751069, 1.0, 1.5766331658291457, 1.0, 1.0, 1.0, 1.0, 1.0, 2.0, 1.0, 79.0, 1.0, 1.0, 1.3333333333333333]

WORKLOAD-FINISHED | Type: QueryWorkload | Progress: 43/50 | Workload-time: 4.012385 | Model-update-time: 0.000000

ReportEsts: [1.0, 1.5150485944194796, 1.0102601375906426, 1.0, 1.0, 1.0, 1.0, 1.5714285714285714, 1.0, 1.0, 1.0, 1.0, 1.173913043478261, 1.0, 1.0, 1.0, 1.303030303030303, 294.0, 1.7142857142857142, 1.8148148148148149, 1.0, 1.0, 2.7547169811320753, 1.0, 1.209344287820918, 8.987179487179487, 1.0, 1.0, 1.0, 1.0, 55.666666666666664, 1.1396560336830086, 1.0, 1.0, 1.341948310139165, 40.0, 1.0, 1.5333333333333334, 1.0, 1.0, 1.2806248505618874, 1.162653773419375, 1.2125, 1.0606060606060606, 3.7624521072796937, 1.0, 1.0, 1.085987261146497, 1.469387755102041, 1.3529411764705883]

WORKLOAD-FINISHED | Type: QueryWorkload | Progress: 44/50 | Workload-time: 4.016961 | Model-update-time: 0.000000

WORKLOAD-FINISHED | Type: DataUpdateWorkload | Progress: 45/50 | Workload-time: 3.667877 | Model-update-time: 0.000000

ReportEsts: [1.5, 1.5793103448275863, 3.6666666666666665, 1.0, 208.0, 1.7951188182402056, 30.0, 1.0, 1.7272727272727273, 1.0, 8.636363636363637, 1.0, 2.0, 1.1719093363470836, 1.0, 1.4, 3.0763187429854097, 1.0, 1.0, 1.2967032967032968, 1.0, 1.1500454393265414, 1.1885229455097888, 4.0, 1.1420863309352518, 1.0, 1.110625, 1.0, 53.0, 1.0387272569802999, 1.125, 454.0, 2.0, 1.0337381916329285, 3.0, 3.0, 35.0, 33.46666666666667, 1.6666666666666667, 1.0, 1.0, 1.0, 1.467484662576687, 3.0, 1.0, 14.0, 1.0, 3.0, 25, 1.0]

WORKLOAD-FINISHED | Type: QueryWorkload | Progress: 46/50 | Workload-time: 4.027572 | Model-update-time: 0.000000

ReportEsts: [1.0, 3.0, 1.426450742240216, 142.0, 1.0, 4.0, 160.0, 1.4, 2.0, 2.6486486486486487, 1.182807035589385, 1.0, 1.0, 1.273972602739726, 1.6, 1.0, 1.1623910336239103, 14.75, 1.2701043585021485, 44.0, 160.0, 1.0, 1.2997086247086247, 2.0, 1.0, 1.8315610378562315, 1.0, 1.0, 1.0, 6.378378378378378, 1.6521108604576216, 1.0879305516662, 1.0, 1.0, 80.0, 1.0, 1.6, 1.0, 1.0, 1.1723017275785392, 1.0, 1.15404250745627, 1.6, 2.0, 8.794539726986349, 1.0961111759897233, 1.7142857142857142, 1.0, 2.0, 1.0]

WORKLOAD-FINISHED | Type: QueryWorkload | Progress: 47/50 | Workload-time: 3.988487 | Model-update-time: 0.000000

ReportEsts: [1.0, 1.1071428571428572, 1.0, 1.3597662771285475, 72.0, 1.1432387472407946, 1.0, 1.0, 1.0, 1.6, 2.0285639868032646, 2.5, 1.0, 2.0, 82.0, 1.0, 14.0, 8.0, 1.5, 1.0, 1.0, 1.0, 1.0, 1.0, 3.0, 1.0, 1.1764705882352942, 1.1430030643513789, 1.058139534883721, 1.3333333333333333, 1.0, 1.0, 1.0, 1.0, 46.0, 1.0, 1.0, 1.5114503816793894, 1.0, 11.727272727272727, 3.6153846153846154, 17.0, 1.0, 2.0, 1.3043478260869565, 1.0, 1.0, 1.5, 2.0, 1.0]

WORKLOAD-FINISHED | Type: QueryWorkload | Progress: 48/50 | Workload-time: 4.053220 | Model-update-time: 0.000000

ReportEsts: [1.404494382022472, 1.955223880597015, 1.2142857142857142, 6.285714285714286, 159.0, 2.0, 1.1497112394491338, 12.0, 1.2222222222222223, 2.0, 119, 1.0, 1.0, 2.13953488372093, 1.6666666666666667, 4.448275862068965, 2.0, 1.1005862388151806, 164.0, 1.0, 1.0, 1.2966101694915255, 1.5, 1.1473988439306357, 1.4335664335664335, 1.1327831495966003, 1.8571428571428572, 1.0769230769230769, 191, 35.0, 1.2, 2.0, 1.0604212588782758, 1.0, 1.0, 1.25, 1.0, 3.0, 2.0, 1.032967032967033, 1.0825958702064897, 1.0555555555555556, 1.1134185303514377, 1.0, 2.0, 2.6666666666666665, 1.0, 1.0, 1.25, 1.0]

WORKLOAD-FINISHED | Type: QueryWorkload | Progress: 49/50 | Workload-time: 4.010328 | Model-update-time: 0.000000

ReportEsts: [1.0861016949152542, 2.0, 1.0, 1.8, 1.0, 1.0, 1.0, 2.0, 3.0, 2.828125, 1.0, 263.0, 1.0205761316872428, 2.0, 3.0, 1.7868852459016393, 1.1218014329580348, 1.6390243902439023, 8.0, 1.2758620689655173, 2.9655172413793105, 1.5833333333333333, 3.0, 1.0, 1.6096938775510203, 1.0, 1.0, 2.0, 1.0, 1.0, 1.1655172413793105, 1.0, 1.0, 1.2318840579710144, 15.666666666666666, 2.0, 4.0, 1.0, 3.8421052631578947, 1.0, 1.2183908045977012, 61.0, 1.0, 1.2321428571428572, 1.0, 2.0, 1.0149253731343284, 35.24, 1.048780487804878, 1.0]

WORKLOAD-FINISHED | Type: QueryWorkload | Progress: 50/50 | Workload-time: 4.028729 | Model-update-time: 0.000000

Experiment Summary: #drift=0 | total-time=190.368322




Sum of Model-update-time = 0.0000
ReportEsts -> max: 4301.0000	99th: 214.0000	95th: 54.0500	median: 1.1520	mean: 14.3278
