Input arguments = Namespace(data_update='sample', dataset='forest', debug=False, drift_test='ddup', model_update='update', model='naru', random_seed=42, num_workload=50)

WORKLOAD-FINISHED | Type: DataUpdateWorkload | Progress: 1/50 | Workload-time: 6.423673 | Model-update-time: 10.535576

ReportEsts: [1.0575539568345325, 1.0, 1.0, 1.569811320754717, 1.1659807956104253, 213.0, 1.4681391216044681, 1.1145038167938932, 1.0, 5.5, 1.0, 60, 3.0, 1.0, 10.0, 1.0, 1.0, 1.0, 1.0, 1.0053807281665483, 2.4, 1.036893203883495, 1.0, 1.5454545454545454, 2.0, 1.5652310101801097, 1.0, 1.0926829268292684, 1.6666666666666667, 1.0, 1.2551413881748072, 1.1902654867256637, 509.0, 1.3333333333333333, 1.1496209987608028, 2.0, 74.0, 1.0, 2.0, 1.2977316447579352, 1.221567343374809, 1.1470588235294117, 1.1783043812014897, 1.0, 1.624196597353497, 1.5, 1.0, 1.0, 1.6623121387283237, 1.0]

WORKLOAD-FINISHED | Type: QueryWorkload | Progress: 2/50 | Workload-time: 4.135676 | Model-update-time: 0.000000

ReportEsts: [1.0, 1.03494046457154, 1.2727272727272727, 356.0, 78.0, 6.0, 1.3099204590228526, 5.0, 1.0, 1.0, 93.0, 1.0, 43, 1.0, 1.3955860716037274, 1.19375, 2.0, 1.3333333333333333, 3.0, 1.1153846153846154, 591.0, 1.2413793103448276, 1.0, 1.1221476652131577, 65.0, 2.0, 1.0789875977019996, 1.0, 1.0, 19.25, 315, 1.0353982300884956, 461.0, 1.0, 2.0714285714285716, 1.0, 1.0, 1.0, 1.0, 2.0, 1.25, 10.0, 1.1565217391304348, 1.1857086768747547, 1.1231884057971016, 1.6666666666666667, 4.0, 1.0, 7.675126903553299, 34.0]

WORKLOAD-FINISHED | Type: QueryWorkload | Progress: 3/50 | Workload-time: 4.047493 | Model-update-time: 0.000000

WORKLOAD-FINISHED | Type: DataUpdateWorkload | Progress: 4/50 | Workload-time: 6.642581 | Model-update-time: 10.553554

ReportEsts: [1.0, 1.0, 1.0299625468164795, 1.5, 1.2666666666666666, 2.0, 1.0, 1.0, 1.4121779859484778, 16.0, 65, 1.0, 40.0, 2.0, 2.6666666666666665, 1.0, 1.0297029702970297, 1.3333333333333333, 28.22222222222222, 1.835506519558676, 1.0, 1.0476190476190477, 1.0, 1.0, 14.777777777777779, 1.3946843853820599, 1.5, 6.0, 1.0, 1.0, 1.5, 1.2455012853470437, 1.3402061855670102, 1.0, 1.0, 1.058465286236297, 1.0, 6.710691823899371, 1.0, 2.0, 1.44, 19.0, 1.2593436645396536, 1.0, 1.3566936208445641, 1.304054054054054, 1.1857730746619635, 1.3221690590111643, 1.4814814814814814, 1.1890756302521008]

WORKLOAD-FINISHED | Type: QueryWorkload | Progress: 5/50 | Workload-time: 4.135017 | Model-update-time: 0.000000

ReportEsts: [1.0, 1.5714285714285714, 1.238255033557047, 1.0, 1.0, 1.0, 1.0, 1.0588235294117647, 1.0, 1.0, 1.4285714285714286, 2.0, 1.0, 1.0, 1.0434782608695652, 1.0, 1.0869565217391304, 1.3941368078175895, 1.52, 2.0, 2.0, 1.1818955274236846, 1.0, 1.0, 1.0, 1.0294117647058822, 1.0, 1.0, 114, 1.0217254408060454, 1.263157894736842, 46.0, 1.0, 1.0, 1.0, 1.1075572656766668, 1.0, 1.0, 1.0, 1.0, 1.2604791091354033, 1.0, 1.1021505376344085, 1.0, 5.1, 145, 1.0, 90.0, 1.1216216216216217, 1.4639696586599242]

WORKLOAD-FINISHED | Type: QueryWorkload | Progress: 6/50 | Workload-time: 4.114628 | Model-update-time: 0.000000

ReportEsts: [1.1561543172075934, 1.0, 1.0, 1.0, 3.0, 1.0479631281593815, 1.75, 57.0, 1.1100746268656716, 1.0, 2.5789473684210527, 1.0, 2.5, 1.2417910447761193, 34.0, 1.0746268656716418, 1.0, 140.5, 1.2570888468809074, 1.0, 1.226532800467882, 1.430625449317038, 1.0, 1.0248638077943848, 1.0, 1.320540156361052, 1.0, 41.0, 1.0, 1.0, 1.0226293103448276, 1.0, 1.3287589498806682, 1.5, 1.36, 1.0, 23.5, 52.0, 1.1903905591458275, 1.5833333333333333, 1.16, 1.0, 1.0, 1.0, 1.1111111111111112, 2.0, 2.281767955801105, 1.4117028396596234, 1.1236501837152553, 1.1923485653560042]

WORKLOAD-FINISHED | Type: QueryWorkload | Progress: 7/50 | Workload-time: 4.106323 | Model-update-time: 0.000000

ReportEsts: [1.0105247101891397, 2.0, 1.0, 1.2278623801466442, 1.0, 1.0, 15, 7.533333333333333, 2.369565217391304, 1.0895522388059702, 1.250207468879668, 1.011764705882353, 1.0440716272600834, 1.0, 1.1634738186462323, 1.0, 1.0692307692307692, 1.0, 1.5, 62.0, 1.0, 3.0, 1.0, 1.0, 1.0, 1.14101168176869, 1.75, 1.0, 1.0, 126.0, 3.75, 1.0, 2.0, 2.0, 1.9195402298850575, 1.0, 2.0, 1.0, 1.2046431862393776, 1.0, 1.0, 1.0, 1.646551724137931, 1.3333333333333333, 5.876923076923077, 3.0, 2.0, 1.4444444444444444, 1.0, 33.75]

WORKLOAD-FINISHED | Type: QueryWorkload | Progress: 8/50 | Workload-time: 4.130235 | Model-update-time: 0.000000

WORKLOAD-FINISHED | Type: DataUpdateWorkload | Progress: 9/50 | Workload-time: 6.606983 | Model-update-time: 10.321790

ReportEsts: [59.0, 1.0, 1.0, 2.096774193548387, 37.0, 107.0, 1.0, 1.9705882352941178, 1.4, 1.158139534883721, 1.0328138857215254, 1.0, 1.0483870967741935, 24.0, 1.2, 1.15625, 1.0, 1.1481481481481481, 118.0, 1.0, 1.2713340861429263, 1.0, 1.01, 1.4748953974895398, 1.2075471698113207, 1.0, 1.0891107238042277, 1.0, 2.0, 1.054368932038835, 19.4, 1.138157894736842, 1.0, 1.0, 1.0, 2.0, 1.0, 3.1666666666666665, 1.0, 1.0, 1.0277777777777777, 1.2241379310344827, 1.0, 26.0, 1.0, 1.0, 95.0, 1.2, 1.138570272244487, 2.0]

WORKLOAD-FINISHED | Type: QueryWorkload | Progress: 10/50 | Workload-time: 4.027389 | Model-update-time: 0.000000

WORKLOAD-FINISHED | Type: DataUpdateWorkload | Progress: 11/50 | Workload-time: 6.641963 | Model-update-time: 0.000000

WORKLOAD-FINISHED | Type: DataUpdateWorkload | Progress: 12/50 | Workload-time: 6.409927 | Model-update-time: 0.000000

WORKLOAD-FINISHED | Type: DataUpdateWorkload | Progress: 13/50 | Workload-time: 6.558271 | Model-update-time: 0.000000

ReportEsts: [1.1815667441828464, 1.0833333333333333, 1.206896551724138, 1.0, 1.8854166666666667, 1.2828282828282829, 1.0, 1.9523809523809523, 1.0, 1.6428571428571428, 1.3984646878198568, 1.5653109692741576, 1.066147859922179, 135.0, 1.5375, 43.0, 1.0, 1.0, 1.7731958762886597, 1.952020202020202, 1.1190447874794853, 1.5, 158.0, 3.0, 9.02, 3.0, 1.0434782608695652, 396, 1.0, 1.0, 1.15380859375, 1.0, 1.0, 1.0, 1.0, 4.014925373134329, 2.0, 2.142857142857143, 1.3085252461846286, 1.0, 56.0, 2.5, 1.6302521008403361, 1.3851590106007068, 1.0, 1.0, 1.0, 1.0, 13.340909090909092, 1.2285935683843472]

WORKLOAD-FINISHED | Type: QueryWorkload | Progress: 14/50 | Workload-time: 4.001017 | Model-update-time: 0.000000

WORKLOAD-FINISHED | Type: DataUpdateWorkload | Progress: 15/50 | Workload-time: 6.402044 | Model-update-time: 10.183520

ReportEsts: [2.0, 1.0, 1.0769230769230769, 1.0, 1.0716621777606772, 169.0, 2.0, 1.0, 1.0314637482900137, 1.0, 1.0, 1.0, 47.0, 1.2182109194380224, 1.1551724137931034, 1.3333333333333333, 1.186046511627907, 1.0, 568.0, 1.0, 1.0, 1.0, 1.8585858585858586, 3.6666666666666665, 1.0, 1.4493262249845955, 1.0, 1.0, 1.0, 1.0, 3.3333333333333335, 80.0, 1.0, 11.0, 1.9989276139410188, 1.0, 1.0344081665135325, 64, 1.0, 1.0, 1.0, 1.0843373493975903, 1.25, 1.2142857142857142, 1.0, 1.0, 1.5, 1.0, 1.858695652173913, 1.0]

WORKLOAD-FINISHED | Type: QueryWorkload | Progress: 16/50 | Workload-time: 4.007777 | Model-update-time: 0.000000

ReportEsts: [1.0, 1.0, 1.1526717557251909, 1.0, 1.204864934896677, 1.8, 8.0, 1.1633802816901408, 1.0, 1.8571428571428572, 1.0, 1.0, 68.0, 2.020408163265306, 15.0, 1.0, 1.006371640407785, 1.0, 1.0, 1.128639882049392, 1.645933014354067, 1.2191780821917808, 1.1254528985507246, 3.3326226012793176, 1.2339593114241, 1.5, 5.7272727272727275, 1.0, 1.0140696075320004, 1.72, 1.1923076923076923, 1.1640488656195462, 1.0, 133.0, 1.0, 2.8794396646812266, 1.5940594059405941, 253.0, 28.0, 1.1326440177252586, 1.1888567293777135, 1.0, 1.0, 2.263157894736842, 49.0, 3.0, 10.0, 1.215633423180593, 1.064798598949212, 1.092783505154639]

WORKLOAD-FINISHED | Type: QueryWorkload | Progress: 17/50 | Workload-time: 3.949935 | Model-update-time: 0.000000

ReportEsts: [1.2472591854326043, 1.0, 1.0, 1.5544354838709677, 1.2040816326530612, 1.25, 1.0073710073710074, 1.0, 50.0, 64.0, 1.1884057971014492, 1.0, 1.1428571428571428, 1.5, 1.828249934579711, 2.0, 1.0, 1.0, 1.0, 1.6829268292682926, 2.2, 1.0343415965430975, 1.2984083218448428, 1.3465909090909092, 5.0, 1.1024258760107817, 1.5, 1.0, 1.2857142857142858, 3.0, 1.0, 1.7314917127071823, 1.0, 1.051853140769097, 1.2433628318584071, 2.375, 1.1484375, 1.0, 1.0, 1.0, 1.0, 1.6666666666666667, 1.0, 1.013188518231187, 1.0, 1.0, 1.8823529411764706, 1.0796176584341677, 1.0, 1.0]

WORKLOAD-FINISHED | Type: QueryWorkload | Progress: 18/50 | Workload-time: 4.015315 | Model-update-time: 0.000000

ReportEsts: [1.1870112766482839, 1.0, 310.0, 1.0, 1.0, 1.6, 1.0, 1.1123595505617978, 1.0, 1.0212284177752617, 1.6666666666666667, 1.0, 4.0, 1.0, 1.0, 2.125, 1.4293893129770991, 1.0, 1.0, 4.174157303370786, 1.0, 1.0, 1.0127627627627627, 1.0, 1.0, 19.333333333333332, 1.0, 2.0, 1.7777777777777777, 1.1558313267889115, 1.0, 1.6927272727272726, 18.0, 44.0, 4.833333333333333, 1.3, 2.0, 1.2258064516129032, 1.0, 2.3333333333333335, 2.2857142857142856, 1.0674157303370786, 5.111111111111111, 2.0, 227.0, 1.0, 32.2, 1.0, 1.0, 1.0]

WORKLOAD-FINISHED | Type: QueryWorkload | Progress: 19/50 | Workload-time: 3.983761 | Model-update-time: 0.000000

ReportEsts: [1.0, 1.0, 1.0, 1.3116883116883118, 1.0, 33.0, 1.6, 1.0, 1.0, 1.0, 2.7590361445783134, 49.0, 1.0, 1.0, 1.0, 1.0, 2.8, 1.0625, 1.446808510638298, 3.0, 4.5, 1.0, 1.3478260869565217, 2.0, 1.0, 2.25, 1.3857142857142857, 1.0, 1.1538461538461537, 9.0, 1.1655844155844155, 1.1493073370959466, 2.624750499001996, 1.0, 1.3333333333333333, 1.0, 1.0, 1.0, 1.0, 1.046298937295855, 39.0, 1.0, 1.0, 2.0, 1.0, 1.0, 1.0, 1.0434782608695652, 1.009433962264151, 1.5]

WORKLOAD-FINISHED | Type: QueryWorkload | Progress: 20/50 | Workload-time: 3.939940 | Model-update-time: 0.000000

ReportEsts: [1.1805051094341044, 1.0, 37.0, 1.5217391304347827, 1.0, 1.591337099811676, 2.0, 1.5, 1.132876712328767, 1.2217252537300247, 1.0, 1.0, 3.0, 1.0542017879948915, 1.0, 1.1428571428571428, 5.0, 1.0305676855895196, 1.0, 1.0, 1.6410805300713558, 1.0, 52.0, 1.0, 1.0, 1.125, 1.5693430656934306, 1.25, 1.0, 49.0, 1.0, 1.2, 4.0, 52.0, 1.0, 1.8214285714285714, 1.0, 1.0816326530612246, 1.0, 2.7, 1.8670867946147236, 1.0444444444444445, 27.0, 1.0655737704918034, 1.1169992994053928, 1.0, 1.0714285714285714, 2.5, 1.0, 30.0]

WORKLOAD-FINISHED | Type: QueryWorkload | Progress: 21/50 | Workload-time: 3.996321 | Model-update-time: 0.000000

WORKLOAD-FINISHED | Type: DataUpdateWorkload | Progress: 22/50 | Workload-time: 6.462385 | Model-update-time: 10.177020

WORKLOAD-FINISHED | Type: DataUpdateWorkload | Progress: 23/50 | Workload-time: 6.440703 | Model-update-time: 10.253992

ReportEsts: [3.0, 1.0, 1.0, 91.0, 1.650095602294455, 2.0, 1.5, 1.1341991341991342, 2.0, 1.219632032639296, 1.3846153846153846, 1.251572327044025, 1.8, 2.5, 1.7777777777777777, 7.0, 1.1111111111111112, 1.0, 1.079099445404363, 1.3333333333333333, 1.135048231511254, 1.2620967741935485, 1.1650485436893203, 3.0, 3.6666666666666665, 2.106382978723404, 1.0, 1.0, 1.187249010991201, 26.430075187969926, 1.0, 37.0, 2.0, 1.0, 1.0, 1.0, 1.0, 1.185276073619632, 1.0, 2.0, 1.0, 2.5, 1.25, 3.0, 1.0, 1.0, 1.0, 1.0, 1.218487394957983, 1.0]

WORKLOAD-FINISHED | Type: QueryWorkload | Progress: 24/50 | Workload-time: 3.946932 | Model-update-time: 0.000000

WORKLOAD-FINISHED | Type: DataUpdateWorkload | Progress: 25/50 | Workload-time: 6.441558 | Model-update-time: 10.146487

ReportEsts: [28.0, 7.083333333333333, 1.0, 1.0, 1.8695652173913044, 1.6, 1.1948051948051948, 1.6666666666666667, 1.0, 1.0, 1.0099194771852025, 2.0, 3.25, 1.25, 2.0, 1.6363636363636365, 1.363076923076923, 6.705882352941177, 1.201526717557252, 2.0, 1.0, 1.1966626936829559, 1.7647058823529411, 1.0, 1.0, 32.0, 1.5097142857142858, 2.6666666666666665, 1.0110950313555234, 1.0048254147040754, 1.1881413439258524, 1.0, 1.2222222222222223, 3.0, 1.0, 1.1168831168831168, 34.0, 1.0, 1.1666666666666667, 1.370523157697356, 1.0, 1.0, 1.0580034486553913, 1.0, 1.0, 2.0, 1.0, 1.0, 10.0, 45.6]

WORKLOAD-FINISHED | Type: QueryWorkload | Progress: 26/50 | Workload-time: 4.074505 | Model-update-time: 0.000000

WORKLOAD-FINISHED | Type: DataUpdateWorkload | Progress: 27/50 | Workload-time: 6.460308 | Model-update-time: 10.191762

WORKLOAD-FINISHED | Type: DataUpdateWorkload | Progress: 28/50 | Workload-time: 6.441220 | Model-update-time: 10.214315

WORKLOAD-FINISHED | Type: DataUpdateWorkload | Progress: 29/50 | Workload-time: 6.495453 | Model-update-time: 10.216325

WORKLOAD-FINISHED | Type: DataUpdateWorkload | Progress: 30/50 | Workload-time: 6.513271 | Model-update-time: 10.258616

ReportEsts: [1.7894736842105263, 2.0, 1.5, 1.46, 1.0, 24.0, 1.0116959064327486, 1.5063291139240507, 955.0, 2.203076923076923, 1.0, 1.0, 640.5, 13.0, 1.0, 1.0, 1.7275541795665634, 41.0, 2.142005958291956, 1.1134020618556701, 1.236842105263158, 1.0, 1.0, 1.0, 9.75, 1.1490909090909092, 1.0, 1.302325581395349, 1.0263157894736843, 1.0, 1.009493670886076, 1.0, 1.0, 1.0, 1.0, 34.0, 2.0, 1.4061654948620876, 25.0, 1.0, 1.2075471698113207, 1.0, 1.1176470588235294, 3.9166666666666665, 1.0, 1.0, 1.2641509433962264, 227.0, 2.1818181818181817, 2.0]

WORKLOAD-FINISHED | Type: QueryWorkload | Progress: 31/50 | Workload-time: 3.998998 | Model-update-time: 0.000000

ReportEsts: [38.0, 1.0, 44.0, 1.0, 97.5, 22.0, 13.216666666666667, 53.0, 1.1933962264150944, 1.0008171716984968, 118.0, 1.0, 1.0, 1.0, 1.0, 1.2153846153846153, 1.0, 1.0, 1.0, 1.0, 1.0, 1.0, 1.0, 53.0, 48.0, 1.0, 1.0129032258064516, 1.1536085022244191, 1.0, 1.092571265247106, 1.0, 2.0, 1.1428571428571428, 1.0, 1.0, 9.0, 1.1111111111111112, 1.0, 296.5, 1.6666666666666667, 1.0, 1.0, 1.1155378486055776, 1.0, 303.0, 407.0, 1.0, 42.0, 156.0, 69.0]

WORKLOAD-FINISHED | Type: QueryWorkload | Progress: 32/50 | Workload-time: 4.034235 | Model-update-time: 0.000000

ReportEsts: [433.8, 1.0, 11.5, 1.2083333333333333, 1.5865714285714285, 1.0, 1.25, 1.2204154427192615, 1.0, 1.4375, 1.2829888712241653, 1.0, 1.1714285714285715, 2.4363636363636365, 1.2777777777777777, 1.5, 1.2422057868083554, 1.125, 1.0, 1.0, 1.0, 1.0, 1.0, 1.2132354202769247, 1.158371040723982, 1.0, 1.0, 1.0, 2.968944099378882, 1.0, 1.0317892824704813, 1.4918032786885247, 1.0, 1.0, 1.2758620689655173, 1.0, 1.0, 1.5084745762711864, 1.8571428571428572, 1.0562770562770563, 1.0, 12.222222222222221, 1.0909090909090908, 1.0, 1.4822695035460993, 2.128205128205128, 1.0, 1.1365807067812799, 419.0, 1.3694267515923566]

WORKLOAD-FINISHED | Type: QueryWorkload | Progress: 33/50 | Workload-time: 3.980850 | Model-update-time: 0.000000

WORKLOAD-FINISHED | Type: DataUpdateWorkload | Progress: 34/50 | Workload-time: 6.497986 | Model-update-time: 10.274915

ReportEsts: [1.0, 2.0, 1.1187813968562632, 1.0, 30.0, 1.0, 1.0, 1.031009365244537, 2.0, 1.1627906976744187, 1.0, 4.75, 1.121212121212121, 1.0, 10.488372093023257, 1.0, 25.0, 1.0, 1.0, 1.0, 120.0, 4.999324095978371, 23502.0, 1.0, 1.2307692307692308, 1.1505016722408026, 2.0, 1.2115637319316688, 2.2142857142857144, 1.9285714285714286, 1.1885334475095317, 1.7142857142857142, 1.2745341614906833, 2.0, 19.0, 1.894736842105263, 115.0, 1.0, 1.0, 1.0, 10.411764705882353, 1.0693447740654838, 1.0, 1.019041904190419, 1.11378002528445, 1.0839028662970944, 1.0, 2.1653302787323407, 1.3333333333333333, 1.0]

WORKLOAD-FINISHED | Type: QueryWorkload | Progress: 35/50 | Workload-time: 4.008216 | Model-update-time: 0.000000

ReportEsts: [1.1666666666666667, 1.0, 1.0, 3.7142857142857144, 1.1076923076923078, 198.0, 1.0, 125.0, 1.0, 1.0, 1.0140845070422535, 1.0, 2.0, 1.099777377292484, 1.1645631863628914, 1.0, 1.5625850340136054, 1.0, 1.1764705882352942, 1.0485436893203883, 2.5, 1.3863636363636365, 1.5714285714285714, 1.0, 1.0, 1.0, 1.0483870967741935, 1.0, 1.0, 1.9, 1.0, 1.0, 3, 2.3730810424848268, 1.0, 1.2998251748251748, 1.1376713174465984, 1.0, 4.333333333333333, 1.0909090909090908, 1.0, 24.5, 1.5325803649000869, 1.0, 5.615384615384615, 1.1025641025641026, 1.0, 1.0898876404494382, 1.0, 2.0]

WORKLOAD-FINISHED | Type: QueryWorkload | Progress: 36/50 | Workload-time: 4.011653 | Model-update-time: 0.000000

WORKLOAD-FINISHED | Type: DataUpdateWorkload | Progress: 37/50 | Workload-time: 6.517312 | Model-update-time: 10.222508

ReportEsts: [1.0305343511450382, 1.0, 1.0, 1.0, 1.0, 1.0, 1.0, 1.125, 1.34375, 1.0, 1.0, 1.2222222222222223, 9.625, 1.7352941176470589, 1.3, 1.0, 1.105263157894737, 1.0, 1.0, 1.0, 2.0, 1.5714285714285714, 1.0, 1.0, 16.0, 25.0, 1.5, 1.0, 1.0, 1.0, 1.1737737571582705, 1.48, 1.0, 1.5263157894736843, 8.0, 1.3333333333333333, 1.0, 1.825, 1.0, 1.0864185337773011, 1.0, 1.0, 1.0, 1.0, 32.0, 1.0769230769230769, 1.811899313501144, 1.1914893617021276, 1.0099020687818518, 1.5920184696569921]

WORKLOAD-FINISHED | Type: QueryWorkload | Progress: 38/50 | Workload-time: 4.006876 | Model-update-time: 0.000000

WORKLOAD-FINISHED | Type: DataUpdateWorkload | Progress: 39/50 | Workload-time: 6.528331 | Model-update-time: 10.200868

ReportEsts: [1.0, 1.3734168406402227, 1.25, 1.255275697753574, 1.3354769560557342, 13.5, 11.0, 2.0, 1.2708215297450425, 1.0, 1.0, 1.1290322580645162, 1.0454545454545454, 3.0, 16.0, 2.0, 1.5098039215686274, 1.0769230769230769, 1.051865996025832, 1.1424731923808473, 7.04, 1.0, 2.087719298245614, 58.333333333333336, 142.0, 219.0, 1.4285714285714286, 1.0, 1.0, 1.5, 1.0, 1.0, 1.0, 1.5686274509803921, 3.0, 1.391471035513923, 1.0399548700286516, 1.0826679192108972, 1.4149715215622458, 2.0, 1.0, 1.271523178807947, 1.0, 1.0, 1.141359918200409, 1.0, 1.454054054054054, 1.0, 4.0, 1.0]

WORKLOAD-FINISHED | Type: QueryWorkload | Progress: 40/50 | Workload-time: 4.003538 | Model-update-time: 0.000000

ReportEsts: [1.2976956537369235, 4.0, 1.0, 5.0, 1.5, 1.8003199534613148, 1.0, 1.0, 2.1818181818181817, 3.0, 1.0, 2.6666666666666665, 1.0, 21.4375, 1.0655456244003434, 1.0, 2.0, 29.0, 1.0, 1.0, 1.227344365642238, 1.0, 17.0, 1.0, 2.5, 7.0, 1.0, 1.0, 1.0, 1.0, 1.2514285714285713, 1.7413793103448276, 1.1635192504757723, 1.1716212840369722, 36, 1.0, 1.0, 2.0, 1.1132075471698113, 1.0, 1.0, 1.1666666666666667, 1.4042928550426346, 1.2444444444444445, 1.0, 1.9230769230769231, 1.0, 1.0, 1.0, 1.0]

WORKLOAD-FINISHED | Type: QueryWorkload | Progress: 41/50 | Workload-time: 4.037652 | Model-update-time: 0.000000

ReportEsts: [1.0, 1.2284263959390862, 2.0, 1.7777777777777777, 1.2690247192144306, 1.1538461538461537, 1.8229166666666667, 1.1714285714285715, 1.1813186813186813, 7.0, 1.0, 3.0, 2.0, 1.0, 1.0, 1.0904835980568746, 1.1487889273356402, 1.0, 2.3127035830618894, 10.4511653718091, 117.0, 1.2222222222222223, 1.0, 1.4063260340632604, 1.305115866784855, 1.0, 1.0, 1.2075036550460228, 4.0, 1.5, 1.25, 1.0, 1.0, 1.0, 1.8444444444444446, 83.0, 1.0, 9.0, 1.0, 1.097165991902834, 1.0, 1.0, 70.0, 3.0, 1.4379321699045111, 1.0, 3.857142857142857, 1.0, 2.6, 1.0]

WORKLOAD-FINISHED | Type: QueryWorkload | Progress: 42/50 | Workload-time: 3.971232 | Model-update-time: 0.000000

ReportEsts: [1.0, 1.3680555555555556, 2.0, 62.0, 2.0, 9.0, 1.0, 1.1300813008130082, 1.2969659042093373, 1.5185305591677503, 1.3636363636363635, 1.9642857142857142, 1.0, 2.0, 1.0, 1.5, 1.0, 1.0, 5.0, 1.0, 1.0, 1.5583395661929693, 1.0, 1.0, 1.1904761904761905, 1.0, 1.0, 11.0, 1.0397546974721004, 1.0, 1.0, 1.0, 1.610907184058731, 20.0, 17.91044776119403, 1.087378640776699, 1.2105263157894737, 1.0, 1.5, 1.1049382716049383, 1.4, 1.0, 2.0849216433714526, 1.2461538461538462, 1.0, 1.4223918575063612, 39.0, 1.0, 1.25, 1.0]

WORKLOAD-FINISHED | Type: QueryWorkload | Progress: 43/50 | Workload-time: 4.023576 | Model-update-time: 0.000000

ReportEsts: [1.7283582089552239, 1.6666666666666667, 2.0, 1.0, 1.125, 1.0, 1.0, 4.0, 1.2837837837837838, 1.5238095238095237, 1.9056603773584906, 2.2, 168.0, 1.5, 17.0, 1.0239662402462977, 60.0, 2.0, 3.0, 28.0, 1.0079819893573476, 1.8888888888888888, 1.1071428571428572, 1.030980797134603, 1.0, 1.0, 209.0, 353.0, 2.0, 13.923076923076923, 2.142857142857143, 1.0, 23.0, 10.0, 54, 2.0, 1.0, 1.0, 1.0, 1.0, 1.0, 1.0, 1.0, 1.0, 1.0, 1.018957345971564, 1.0, 205, 1.0, 1.125]

WORKLOAD-FINISHED | Type: QueryWorkload | Progress: 44/50 | Workload-time: 4.109909 | Model-update-time: 0.000000

WORKLOAD-FINISHED | Type: DataUpdateWorkload | Progress: 45/50 | Workload-time: 6.752265 | Model-update-time: 10.478991

ReportEsts: [1.0, 1.5806451612903225, 1.0, 357.0, 1.0, 1.5683923705722072, 2.8333333333333335, 1.29958432304038, 282.0, 1.0, 1.5, 1.0, 1.8333333333333333, 1.0671140939597314, 3.210526315789474, 6.0, 1.5, 42.0, 3.0, 2.0451612903225804, 1.1840946696607966, 1.0, 1.0, 1.0, 1.3690205011389522, 1.1595744680851063, 1.125, 1.3125, 47.0, 1.0, 1.0, 1.0, 4.583333333333333, 2.0, 1.1760086977530804, 1.45136186770428, 1.0, 1.8052910052910054, 1.2030456852791878, 1.1666666666666667, 20.0, 1.2692307692307692, 1.2222222222222223, 1.0, 1.0, 2.5, 1.0, 1.1587904422348694, 2.0, 1.0]

WORKLOAD-FINISHED | Type: QueryWorkload | Progress: 46/50 | Workload-time: 3.968475 | Model-update-time: 0.000000

ReportEsts: [1.0, 1.0, 3.0, 1.0, 1.0, 1.0, 1.2246376811594204, 1.121212121212121, 1.4285714285714286, 1.5555555555555556, 19.0, 1.1714285714285715, 1.2179363548698168, 1.0, 25.0, 1.545945945945946, 1.0, 3.0, 1.0, 1.0, 1.0808087638625914, 1.0, 1.1428571428571428, 27.0, 1.0926227236878565, 1.298913043478261, 5.0, 3.0, 1.1351598173515982, 2.0, 1.0, 728.0, 1.0, 1.0, 1.0, 1.0, 1.0, 4.0, 1.3919803600654665, 1.0, 16.0, 1.0481927710843373, 1.0, 1.0, 11.666666666666666, 5.25, 1.4081632653061225, 1.25, 1.0, 2303.0]

WORKLOAD-FINISHED | Type: QueryWorkload | Progress: 47/50 | Workload-time: 3.998738 | Model-update-time: 0.000000

ReportEsts: [1.0092665305481388, 1.0264219079145351, 2.5, 1.2156862745098038, 1.297343393172029, 11.0, 2.0, 1.0996063265235336, 1.6567164179104477, 1.0, 20.5, 1.6291866028708133, 1.0, 1.0, 1.0, 2.875, 2.5, 1.0, 1.0, 1.0468736828561669, 1.0, 4.705882352941177, 1.0, 1.0333333333333334, 84.0, 1.0, 1.1852791878172588, 1.0, 23.0, 1.6486486486486487, 1.122184255050924, 1.0, 1.4967741935483871, 1.4398625429553265, 1.0561797752808988, 1.0048347792182475, 1.0, 2.0842105263157893, 1.0, 1.131578947368421, 1.0, 1.0, 1.0, 1.0, 1.0833333333333333, 1.01514936565198, 1.4228316326530612, 1.1294247787610618, 1.147120055517002, 1.0]

WORKLOAD-FINISHED | Type: QueryWorkload | Progress: 48/50 | Workload-time: 4.008785 | Model-update-time: 0.000000

ReportEsts: [1.7971014492753623, 1.15, 1.19, 96.66666666666667, 1.0, 1.0, 1.8767123287671232, 1.0706377858002407, 1.125, 1.0629700892076264, 1.0, 1.212012443168222, 2.0, 1.2058691756272402, 1.0, 1.0, 1.3714958104892934, 1.11463111328563, 9.045454545454545, 1.0, 1.0, 1.0, 1.0, 2.41025641025641, 1.1207701283547258, 5.0, 1.0, 73.0, 1.0, 13.721861471861471, 1.0, 1.4, 1.0, 1.2, 1.0, 2.0, 62.0, 3.0, 1.0, 6.812307692307693, 2.6666666666666665, 1216.0, 194.0, 1.2850982271202682, 1.1090909090909091, 1.0, 2.0, 2.5, 1.7547169811320755, 220.0]

WORKLOAD-FINISHED | Type: QueryWorkload | Progress: 49/50 | Workload-time: 3.997400 | Model-update-time: 0.000000

ReportEsts: [241.0, 1.0, 1.0, 2.0, 6.176470588235294, 1.0, 2.0, 1.5350932103760477, 1.1797240344090987, 1.846938775510204, 15.428571428571429, 6.0, 1.0, 1.0, 160, 1.3650820793433653, 1.2880184331797235, 1.0791139240506329, 5.0, 2.903225806451613, 1.0, 1.3075008887308923, 1.0, 1.0, 1.0, 1.0, 1.0, 69.0, 1.0, 49.0, 1.2095625635808749, 48.6, 1.0, 1.0, 1.0, 1.839080459770115, 1.4, 1.0, 1.0285714285714285, 1.0, 1.0, 3.75, 2.44, 94.0, 1.2240325865580448, 2.248868778280543, 6.8, 2.085526315789474, 1.0, 1.0]

WORKLOAD-FINISHED | Type: QueryWorkload | Progress: 50/50 | Workload-time: 3.990576 | Model-update-time: 0.000000

Experiment Summary: #drift=15 | total-time=400.304125




Sum of Model-update-time = 154.2302
ReportEsts -> max: 23502.0000	99th: 353.0300	95th: 57.0667	median: 1.1560	mean: 29.9887
