Input arguments = Namespace(data_update='permute-opt', dataset='forest', debug=False, drift_test='ddup', model_update='update', model='naru', random_seed=42, num_workload=50)

WORKLOAD-FINISHED | Type: DataUpdateWorkload | Progress: 1/50 | Workload-time: 6.491482 | Model-update-time: 10.571864

ReportEsts: [1.0, 1.5, 15.0, 1.078460676256305, 1.0, 3.0, 1.0, 2.0, 1.0, 2.3947368421052633, 1.0, 1.2, 1.0, 1.0, 26.63157894736842, 1.0, 1.8737060041407867, 1.0, 4.0215564486664235, 2.0, 1.0, 1.0, 1.0, 1.3253150057273768, 2.0, 1.0779661016949154, 1.2312432635081307, 1.803076923076923, 3.0, 11.588235294117647, 1.0, 1.3333333333333333, 2.2806122448979593, 1.0, 1.0, 1.514877198189508, 1.5, 1.0, 1.0, 1.0, 3.52, 1.0, 1.1867781760254879, 3.0, 89.0, 1.925788340580016, 11.0, 5.258620689655173, 114.0, 1.0]

WORKLOAD-FINISHED | Type: QueryWorkload | Progress: 2/50 | Workload-time: 4.148031 | Model-update-time: 0.000000

ReportEsts: [1.0, 1.2126643772510262, 1.0, 1.5416666666666667, 1.757693239641386, 1.2, 43.0, 1.0, 2.0, 2.0, 36.0, 5.340466926070039, 350.0, 4.033333333333333, 1.0, 2.0, 1.0, 1.0, 1.0, 1.0698159497015267, 1.0, 1.1991869918699187, 3.8958333333333335, 1.2297297297297298, 10.0, 30.142857142857142, 1.0, 1.6897458369851008, 3.0, 2.2613168724279835, 2.0, 1.0675365173149516, 83.0, 1.0, 6.0, 1.0, 6.0, 166.33333333333334, 1.2629285299244626, 1.0, 23.0, 3.0, 6.625, 2.0, 1.0, 71.0, 1.2020833333333334, 1.0, 1.76, 1.0008576329331047]

WORKLOAD-FINISHED | Type: QueryWorkload | Progress: 3/50 | Workload-time: 4.050658 | Model-update-time: 0.000000

WORKLOAD-FINISHED | Type: DataUpdateWorkload | Progress: 4/50 | Workload-time: 6.509185 | Model-update-time: 10.218653

ReportEsts: [201.14285714285714, 1.0, 1.087171052631579, 4.5, 5.857142857142857, 1.0, 191.0, 1.8, 3.0, 14.75, 23.958333333333332, 1.0, 1.0, 1.0, 1.1071428571428572, 1.4130434782608696, 1.5, 1.0, 1.29658468892144, 1.0, 1.0, 4.3933333333333335, 1.1666666666666667, 7.0, 13.0, 1.5084745762711864, 1.0, 1.0, 176.0, 1.145601733809281, 1.0, 1.8580246913580247, 3.0, 1.8675767324580472, 2.899850523168909, 1.0337837837837838, 2.0, 21.0, 1.147910590022718, 2.0, 3.9329577464788734, 1.0, 5.0, 12.98356807511737, 1.0, 1.0, 1.0737948366461045, 6.0, 1.523786169691025, 1.0]

WORKLOAD-FINISHED | Type: QueryWorkload | Progress: 5/50 | Workload-time: 4.022148 | Model-update-time: 0.000000

ReportEsts: [2.6666666666666665, 1.0, 78.0, 1.0, 1.0, 1.0, 1.25, 1.7847533632286996, 2.2954545454545454, 1.4419191919191918, 2.6254893431926924, 56.0, 1.25, 1.0, 1.054202670856245, 1.0, 2.10316985645933, 1.0, 1.3376308578655238, 1.0762331838565022, 1.0, 1.4166666666666667, 1.5, 3.240740740740741, 6.0, 1.0, 63.0, 2.0, 1.5, 2.25, 1.0869938101275263, 1.0177274668944896, 1.0252289804201173, 1.0, 46.0, 3.12, 1.0, 1.3333333333333333, 1.0, 1.0, 1.2017543859649122, 6.0, 11.0, 2.0, 1.0, 2.510204081632653, 1.1982196518682315, 26.5, 1.0036136478234075, 2.3333333333333335]

WORKLOAD-FINISHED | Type: QueryWorkload | Progress: 6/50 | Workload-time: 3.987511 | Model-update-time: 0.000000

ReportEsts: [1.2696629213483146, 1.0, 2.021978021978022, 1.0, 1.0, 1.0, 334.6, 5.56989247311828, 1.1660377358490566, 1.0, 2.0, 1.0, 1.0214700482285453, 1.0, 1.2058823529411764, 1.0, 2.0, 1.1116036427235994, 1.0, 1.5, 1.2079207920792079, 2.9375, 1.0, 1.0, 2.0, 1.0, 1.0, 1.4285714285714286, 1.0, 1.0592019661703052, 2.0, 1.0, 1.4262820512820513, 10.5, 1.540983606557377, 81.0, 91.0, 1.0476190476190477, 2.0, 1.0, 1.4664318276004973, 1.0633312860580553, 8.54639175257732, 1.1303386343095592, 1.84, 1.0, 1.4259259259259258, 1.0, 1.4326969550507491, 1.0490297570538094]

WORKLOAD-FINISHED | Type: QueryWorkload | Progress: 7/50 | Workload-time: 3.984819 | Model-update-time: 0.000000

ReportEsts: [66.5, 1.5, 1.1470068199040162, 3.2, 1.0, 4.825688073394495, 2.116710875331565, 1.0, 2.107843137254902, 1.0, 3.013953488372093, 1.0, 1.3333333333333333, 1.0, 559.0, 1.4310344827586208, 2.7822222222222224, 1.094968908988129, 1.0, 1.0, 1.0216351940514083, 1.0403674693357672, 1.0, 1.0, 13.333333333333334, 1.1428571428571428, 1.845912398344985, 41.0, 134.0, 1.0, 1.4210526315789473, 1.0, 1.0, 1.0, 1.353846153846154, 1.0038274182324287, 10.0, 1.0, 1.0, 1.0, 6.0, 26.0, 1.0, 1.0, 1.1822612085769981, 1.0, 46.5, 2.0, 3.0, 1.2826086956521738]

WORKLOAD-FINISHED | Type: QueryWorkload | Progress: 8/50 | Workload-time: 3.967104 | Model-update-time: 0.000000

WORKLOAD-FINISHED | Type: DataUpdateWorkload | Progress: 9/50 | Workload-time: 6.553492 | Model-update-time: 10.262974

ReportEsts: [1.0, 1.1561137979616554, 1.17, 2.0, 1.0, 1.4545454545454546, 1.227571852331929, 1.3086216364634815, 1.034951058586937, 1.4821428571428572, 1.0, 1.0, 1.0, 1.1966774120780364, 1.0, 1.0454545454545454, 2.0, 1.0988235294117648, 1.1542857142857144, 1.7314049586776858, 1.0, 1.0, 1.6667871340802314, 116.0, 1.0, 1.5, 1.0, 1.3421052631578947, 1.7777777777777777, 1.0, 1.0, 1.2893668524168538, 1.1333333333333333, 1.0911242603550295, 1.881578947368421, 83.0, 1.078130884816686, 1.0, 62.0, 3.0648264803573473, 1.5350877192982457, 1.6666666666666667, 2.0, 1.152542372881356, 1.0, 1.7333333333333334, 1.1818181818181819, 1.0, 1.8620689655172413, 1.0]

WORKLOAD-FINISHED | Type: QueryWorkload | Progress: 10/50 | Workload-time: 4.200148 | Model-update-time: 0.000000

WORKLOAD-FINISHED | Type: DataUpdateWorkload | Progress: 11/50 | Workload-time: 7.120502 | Model-update-time: 10.727521

WORKLOAD-FINISHED | Type: DataUpdateWorkload | Progress: 12/50 | Workload-time: 6.803220 | Model-update-time: 10.601818

WORKLOAD-FINISHED | Type: DataUpdateWorkload | Progress: 13/50 | Workload-time: 7.189530 | Model-update-time: 10.370356

ReportEsts: [15.306896551724138, 161.0, 1.05, 1.0027159152634437, 1.259583133684715, 1.0, 30.0, 1.0, 17.5, 1.169605870517221, 1.0, 1.0, 1.3737864077669903, 1.0, 1.0, 1.5327102803738317, 9.0, 1.0, 1.1215733805524255, 4.818181818181818, 2.761904761904762, 1.0, 1.0, 3.0704225352112675, 1.4168126094570928, 1.0, 1.4241071428571428, 1.7886740331491713, 1.023288637967537, 1.7037037037037037, 1.0130616714246607, 2.0, 2.5, 2.0, 10.0, 1.1735537190082646, 1.0, 1.151865895030932, 1.0773283012933914, 1.3235294117647058, 1.0, 4.0, 35.0, 1.0, 1.111961488015451, 1.0, 1.283287419651056, 3.1714285714285713, 1.0, 2.578125]

WORKLOAD-FINISHED | Type: QueryWorkload | Progress: 14/50 | Workload-time: 4.152928 | Model-update-time: 0.000000

WORKLOAD-FINISHED | Type: DataUpdateWorkload | Progress: 15/50 | Workload-time: 6.951781 | Model-update-time: 10.514884

ReportEsts: [1.5870967741935484, 1.0, 1.0, 1.0, 1.0952380952380953, 1.5521722157157996, 1.0, 154.0, 1.0, 1.0, 1.0, 2.4358974358974357, 1.636086767356579, 2.0, 1.0, 1.0, 2.0, 1.0, 2.0132856412876854, 2.4165535956580735, 1.04, 1.5, 1.0, 1.0, 1.0, 1.5, 1.2074468085106382, 1.32, 2.1666666666666665, 1.0681220410310364, 1.8571428571428572, 1.0404127257093723, 1.9583333333333333, 1.0, 1.9710982658959537, 1.0, 2.6666666666666665, 21.0, 66.0, 1.0, 2.0, 1.0274903005225278, 1.0, 2.0, 3.6, 1.0, 2.0, 1.942408376963351, 1.0, 1.0519624510311183]

WORKLOAD-FINISHED | Type: QueryWorkload | Progress: 16/50 | Workload-time: 4.106912 | Model-update-time: 0.000000

ReportEsts: [1.0, 31.512779552715656, 1.0, 2.5, 2.0, 1.0, 1.0, 33.55721393034826, 1.2528982395878059, 1.0, 1.614678899082569, 1.5, 1.7096774193548387, 1.4, 1.0, 1.0, 1.0, 23.25, 1.0, 1.0, 1.0, 1.0, 16.5, 11.6, 1.4817605075337035, 2.5, 1.0, 1.0, 1.90625, 1.0, 1.9242424242424243, 1.0079203743479594, 2.5665983606557377, 1.0, 1.003619453342222, 2.481012658227848, 2.220472440944882, 1.1379271896080727, 2.0, 46.0, 1.0, 5.5, 1.0, 139.0, 1.0, 1.0, 1.0, 6.0, 1.6424809830310123, 1.063258517034068]

WORKLOAD-FINISHED | Type: QueryWorkload | Progress: 17/50 | Workload-time: 4.149414 | Model-update-time: 0.000000

ReportEsts: [1.0, 2.162629757785467, 1.0, 1.0, 2.0, 13.532751091703057, 1.0, 28.5, 3.0, 1.3970588235294117, 1.0, 8.0, 3.5, 21.333333333333332, 1.0, 1.2475524475524475, 55.5, 1.0, 23.0, 1.0, 1.0, 3.0, 1.0, 1.0, 121.0, 2.5, 1.0, 1.0, 1.0, 2.0, 31.0, 1.227206349954071, 1.0105820105820107, 1.3, 1.0, 1.0, 1.0, 77.0, 1.0, 1.7241379310344827, 1.1173039533376539, 1.0595611285266457, 2.0546357615894038, 1.0, 4.229007633587786, 1.0970149253731343, 1.7252747252747254, 13.0, 1.3518005540166205, 2.0]

WORKLOAD-FINISHED | Type: QueryWorkload | Progress: 18/50 | Workload-time: 4.330626 | Model-update-time: 0.000000

ReportEsts: [1.0, 1.297872340425532, 4.0, 1.0, 1.0, 1.5, 1.0, 1.040098821740783, 1.0, 1.5490196078431373, 1.1104363428436224, 1.0, 1.4665477252453167, 1.5667125171939478, 1.0, 1.0376517412935324, 2.7093023255813953, 2.6, 1.7105263157894737, 2.019607843137255, 1.0845395887444276, 1.2374301675977655, 1.56, 1.1844262295081966, 21.85483870967742, 1.0, 2.1363636363636362, 2.0, 2.7, 1.0, 1.371063829787234, 3.967741935483871, 61.0, 1.0, 1.0, 2.0, 4.5, 1.0, 2.0628968853946175, 1.0, 1.0, 36.0, 1.0, 1.116349350256875, 1.0, 1.0, 1.0, 4.270833333333333, 1.1232876712328768, 1.0]

WORKLOAD-FINISHED | Type: QueryWorkload | Progress: 19/50 | Workload-time: 4.364476 | Model-update-time: 0.000000

ReportEsts: [1.0, 1.0, 1.9451754385964912, 1.1093167701863353, 1.0, 1.0, 1.0, 1.0, 1.327700663850332, 1.0, 1.170834998002397, 142.75, 6.5, 1.0, 1.0, 36.0, 1.0, 42.0, 1.0, 1.1149425287356323, 1.0, 1.0, 1.0, 7.275071633237823, 1.0744186046511628, 1.2777777777777777, 1.0, 1.0, 1.0, 2.2206405693950177, 5.5, 1.0, 166.0, 1.0, 1.0921350881728706, 2.4, 1.0833333333333333, 1.6666666666666667, 309.0, 1.0174736508439655, 3.4, 1.038063806380638, 1.3333333333333333, 1.0, 1.0, 1.25, 1.0, 23.0, 1.1538461538461537, 2.0]

WORKLOAD-FINISHED | Type: QueryWorkload | Progress: 20/50 | Workload-time: 4.129649 | Model-update-time: 0.000000

ReportEsts: [1.0, 1.0, 1.2931798051372896, 1.3091048201989288, 128.0, 2.0, 1.0, 1.0, 1.2146560418175878, 72.0, 1.0, 271.0, 1.45, 1.0, 16.0, 1.0, 1.6666666666666667, 1.0, 1.0, 1.472310570626754, 17.0, 1.031246880303484, 61.0, 83.0, 1.0, 1.0, 1.329347419913714, 1.0, 1.1783960720130933, 1.0884177580714272, 1.5828075885591992, 5.636363636363637, 1.7716756251460621, 2.863070539419087, 1.0, 1.0, 1.25, 1.0, 3.0, 9.850925925925926, 1.7924528301886793, 1.0, 1.1666666666666667, 1.0, 8.333333333333334, 1.1270417422867514, 45.25, 1.0, 1.087800369685767, 29.0]

WORKLOAD-FINISHED | Type: QueryWorkload | Progress: 21/50 | Workload-time: 4.013271 | Model-update-time: 0.000000

WORKLOAD-FINISHED | Type: DataUpdateWorkload | Progress: 22/50 | Workload-time: 6.766948 | Model-update-time: 10.693760

WORKLOAD-FINISHED | Type: DataUpdateWorkload | Progress: 23/50 | Workload-time: 6.858542 | Model-update-time: 10.918538

ReportEsts: [5.433884297520661, 2.0, 1.9230769230769231, 1.0, 1.1037700400801602, 1.0625, 2.0, 8.0, 1.1219512195121952, 1.1690140845070423, 2.0, 1.0146669022795547, 1.0155224835973755, 1.0, 1.1022955591766994, 17.0, 2.6666666666666665, 1.0, 1.2735064440352994, 1.4146193509250835, 3.6666666666666665, 1.0, 2.8333333333333335, 1.0, 76.0, 1.1325301204819278, 1.0, 1.0, 1.8517940717628705, 1.0, 3.2222222222222223, 29.0, 1.0730659025787965, 1.0, 1.0, 53.0, 2.205357142857143, 1.2857142857142858, 4.0, 1.0129589632829374, 1.5, 4.295240809347392, 2.0521739130434784, 1.0685279187817258, 1.439516129032258, 1.0, 19.555555555555557, 34.0, 3.7096774193548385, 1.0]

WORKLOAD-FINISHED | Type: QueryWorkload | Progress: 24/50 | Workload-time: 4.042034 | Model-update-time: 0.000000

WORKLOAD-FINISHED | Type: DataUpdateWorkload | Progress: 25/50 | Workload-time: 6.875775 | Model-update-time: 10.889860

ReportEsts: [23.0, 1.0, 89.0, 2.0, 1.0, 42.294117647058826, 13.266666666666667, 1.0, 1.0, 3.2195121951219514, 394.25, 1.0, 1.0, 111.0, 1.0, 1.0, 1.04, 1.0468610454426057, 1.0, 1.25, 332.0, 61.0, 142.0, 1.5534591194968554, 134.0, 1.0689655172413792, 1.0, 2.273206056616195, 3.220472440944882, 1.0, 9.0, 17.333333333333332, 1.1003031451307312, 1.0, 1.25, 1.0, 2.199203019249826, 23.0, 1.0, 1.0606060606060606, 1.0949074074074074, 1.0, 1.0, 1.625, 1.0, 1.0, 1.5678048780487805, 2.0, 1.0, 2.0]

WORKLOAD-FINISHED | Type: QueryWorkload | Progress: 26/50 | Workload-time: 4.159490 | Model-update-time: 0.000000

WORKLOAD-FINISHED | Type: DataUpdateWorkload | Progress: 27/50 | Workload-time: 6.828044 | Model-update-time: 10.441029

WORKLOAD-FINISHED | Type: DataUpdateWorkload | Progress: 28/50 | Workload-time: 7.124906 | Model-update-time: 10.564193

WORKLOAD-FINISHED | Type: DataUpdateWorkload | Progress: 29/50 | Workload-time: 6.895128 | Model-update-time: 10.726083

WORKLOAD-FINISHED | Type: DataUpdateWorkload | Progress: 30/50 | Workload-time: 6.841105 | Model-update-time: 10.770645

ReportEsts: [1.0, 1.1185983827493262, 1.0440528634361232, 2.111111111111111, 8.0, 1.0, 3.0, 3.3597087378640778, 1.8174273858921162, 1.0, 125.0, 1.0, 3.0, 2.0555555555555554, 1.0, 1.0, 7.333333333333333, 1.0, 1.0, 1.0, 75.0, 1.0, 8.0, 1.0, 1.0, 1.6662412993039444, 2.5, 10.428571428571429, 1.0, 1.0, 6.5, 1.9, 41.0, 1.5007564296520424, 1.0, 1.2352941176470589, 3.38560411311054, 1.0, 1.3076923076923077, 5.189473684210526, 7.341772151898734, 2.0, 6.795918367346939, 2.0, 1.0, 2.6769230769230767, 1.137349957961396, 1.2686046511627906, 1.0, 1.8533333333333333]

WORKLOAD-FINISHED | Type: QueryWorkload | Progress: 31/50 | Workload-time: 4.145205 | Model-update-time: 0.000000

ReportEsts: [1.4285714285714286, 2.0, 2.0, 1.8888888888888888, 1.2723404255319148, 1.0, 1.0, 4.986666666666666, 1.0, 1.0967113070011867, 2.5, 31.0, 1.0, 1.0, 1.4684191563660551, 1.2727272727272727, 2.6666666666666665, 1.4177215189873418, 1.0, 5.0, 14.372093023255815, 1.0, 4.428571428571429, 1.0, 1.0, 1.0518266779949024, 4.371134020618556, 2.0, 235.0, 1.0251515151515151, 3.0, 2.3897610921501706, 1.1861536239027168, 6.647058823529412, 1.0, 1.0, 1.0, 1.0, 1.0, 1.6666666666666667, 2.0, 1.0, 1.415585037597586, 1.0, 1.1253602305475505, 1.0, 45.0, 1.135135135135135, 15.0, 1.7837837837837838]

WORKLOAD-FINISHED | Type: QueryWorkload | Progress: 32/50 | Workload-time: 4.116051 | Model-update-time: 0.000000

ReportEsts: [1.0, 5.133333333333334, 2.0, 1.0, 1.195052003200197, 1.7307692307692308, 1.0, 1.4022988505747127, 2.0, 1.0575624082232011, 223.0, 3.0, 1.0, 2.137142857142857, 1.0, 1.060235581433443, 1.0, 1.0, 7.0, 46.857142857142854, 9.0, 2.272727272727273, 5.0, 1.75, 4.0, 1.0, 5.933333333333334, 319.0, 1.0, 1.088882618510158, 2.3333333333333335, 1.0, 1.5, 2.0, 1.0, 2.0555555555555554, 5.109090909090909, 1.274819655161259, 23.0, 1.3077099061999542, 2.0260475651189127, 1.0, 1.0, 101.0, 10.0, 1.0, 1.7765237020316027, 1.0803490449361, 2.0, 1.0]

WORKLOAD-FINISHED | Type: QueryWorkload | Progress: 33/50 | Workload-time: 4.108022 | Model-update-time: 0.000000

WORKLOAD-FINISHED | Type: DataUpdateWorkload | Progress: 34/50 | Workload-time: 7.042752 | Model-update-time: 10.715657

ReportEsts: [1.0, 2.0, 1.4327731092436975, 3.207718501702611, 1.0, 2.0, 1.0, 1.0, 1.905844155844156, 60.0, 1.0, 3.0232558139534884, 1.2828162291169452, 1.0, 1.0579005999436295, 1.136114966930677, 1.0404829118865997, 1.0, 10.377777777777778, 4.0, 1.255370936934805, 23.0, 1.0, 1.0, 1.0, 1.1274356437921278, 3.0, 1.0, 1.4377316530763529, 1.0, 1.0, 1.0, 1.0, 1.0, 26.75, 3.5294117647058822, 1.4452690166975881, 1.3305785123966942, 1.0, 1.6818181818181819, 1.0, 7.147686832740214, 1.6153846153846154, 2.129032258064516, 1.0, 19.666666666666668, 1.0, 19.73076923076923, 1.0, 1.6228373702422145]

WORKLOAD-FINISHED | Type: QueryWorkload | Progress: 35/50 | Workload-time: 4.067057 | Model-update-time: 0.000000

ReportEsts: [55.0, 1.0, 7.405172413793103, 1.0, 1.0, 114.0, 2.4, 1.245829244357213, 15.125, 1.0, 1.0, 1.0, 2.3440860215053765, 19.0, 1.0, 1.0, 8.210526315789474, 1.0, 1.0163326155375185, 6.0, 1.0, 1.0, 2.0, 1.0, 1.0, 3.681159420289855, 21.058956916099774, 1.0, 1.0, 25.0, 1.152201784784899, 1.0, 1.0, 41.0, 1.0, 1.0, 107.30555555555556, 19.0, 1.3565627950897072, 1.2727272727272727, 1.0, 1.0, 1.0, 1.2947368421052632, 2.765625, 4.343220338983051, 1.0, 21.289208633093526, 29.59259259259259, 1.6890027591643673]

WORKLOAD-FINISHED | Type: QueryWorkload | Progress: 36/50 | Workload-time: 4.185649 | Model-update-time: 0.000000

WORKLOAD-FINISHED | Type: DataUpdateWorkload | Progress: 37/50 | Workload-time: 6.849719 | Model-update-time: 10.640761

ReportEsts: [1.0, 32.0, 1.0, 1.1269487750556793, 1.0, 1.2, 2.0, 2.021505376344086, 1.3801169590643274, 1.0, 1.0, 3.0, 1.2612612612612613, 1.0, 1.04, 18.0, 1.9180602006688963, 4.151079136690647, 3.6818181818181817, 1.0, 2.313131313131313, 1.0, 30.0, 29.0, 1.0, 4.2706766917293235, 1.5804878048780489, 1.0, 2.0, 8.0, 1.0, 76.0, 1.1234279028955836, 1.0, 1.2027961317988884, 1.7171894781263188, 58.0, 1.3584905660377358, 1.0, 32.77777777777778, 1.3333333333333333, 31.0, 1.135135135135135, 1.0, 1.0, 71.0, 1.0, 1.0, 1.0, 1.0]

WORKLOAD-FINISHED | Type: QueryWorkload | Progress: 38/50 | Workload-time: 4.136117 | Model-update-time: 0.000000

WORKLOAD-FINISHED | Type: DataUpdateWorkload | Progress: 39/50 | Workload-time: 7.064422 | Model-update-time: 10.529815

ReportEsts: [1.0, 4.0, 2.0, 1.186046511627907, 1.3583363385022238, 1.2820512820512822, 2.0, 2.0, 1.162162162162162, 1.4111795357650403, 8.0, 1.0, 1.0, 1.0, 1.26, 1.0, 1.8153846153846154, 1.0, 61.0, 1.0603864734299517, 111.0, 1.0, 1.0, 1.0, 1.5277777777777777, 1.0, 1.2156862745098038, 1.0, 1.0723699773579805, 1.0, 1.4878048780487805, 1.0, 1.0, 2.1194029850746268, 1.3284171110234124, 175.0, 277.0, 2.101513240857503, 1.0, 1.0, 1.0576307363927429, 2.4615384615384617, 1.0, 1.189111747851003, 1.0, 1.0, 9.105263157894736, 34.0, 1.3562753036437247, 1.0]

WORKLOAD-FINISHED | Type: QueryWorkload | Progress: 40/50 | Workload-time: 4.012035 | Model-update-time: 0.000000

ReportEsts: [1.0, 1.298181818181818, 2.0, 1.0, 3.4444444444444446, 1.7807881773399015, 1.0017839766461238, 1.0, 41.0, 1.0, 1.0997506234413965, 19.0, 1.3, 2.5232117587985576, 1.0, 1.5284738041002277, 1.0, 20.0, 3.3157894736842106, 1.0, 1.3333333333333333, 1.0, 2.466666666666667, 1.5185185185185186, 3.0, 12.0, 12.0, 1.0, 1.0, 1.5, 1.0240963855421688, 3.5, 2.0, 2.0, 1.0, 1.0, 1.033517061203683, 1.5, 2.0, 1.0, 13.5, 3.7648595689092095, 1.1912744646075186, 91.0, 1.0, 1.3, 2.399074074074074, 1.0, 3.5, 1.6520787746170678]

WORKLOAD-FINISHED | Type: QueryWorkload | Progress: 41/50 | Workload-time: 4.065069 | Model-update-time: 0.000000

ReportEsts: [1.0, 1.3513513513513513, 1.0, 1.0, 1.0338658146964856, 1.0, 3.2413793103448274, 5.0, 42.0, 5.0, 1.0, 1.0306636155606408, 1.0, 1.0, 2.0, 2.5714285714285716, 1.0, 1.391304347826087, 1.0, 1.7118644067796611, 68.66666666666667, 1.6666666666666667, 4.63726606997559, 1.0, 1.0, 407.0, 1.0, 2.0, 1.0, 17.08641975308642, 75.0, 1.0, 1.5087719298245614, 1.0, 2.2142857142857144, 2.994413407821229, 44.0, 6.5, 1.1271222540010954, 1.1333333333333333, 1.0, 1.6139573239872178, 1.1490129995185363, 1.0, 1.0, 1.0, 1.4650040225261465, 2.0, 1.3761755485893417, 1.0]

WORKLOAD-FINISHED | Type: QueryWorkload | Progress: 42/50 | Workload-time: 4.016384 | Model-update-time: 0.000000

ReportEsts: [2.8, 8.0, 1.0, 1.0, 3.125, 35.0, 30.0, 1.4678899082568808, 1.0, 22.22222222222222, 1.0, 1.0416666666666667, 103.0, 1.0, 165.0, 1.1389566065333983, 2.0, 2.589221329622367, 211.0, 1.0, 1.0, 1.85, 1.0, 2.153692879914984, 1.0, 1.75, 1.0, 328.0, 12.0, 1.0295637792019847, 2.0, 1.0, 1.0, 1.167017337148628, 1.0, 2.0, 1.0, 1.3846153846153846, 1.1210943124550037, 1.625, 1.3414634146341464, 1.2413793103448276, 11.75, 2.239130434782609, 1.1309317630758573, 2.533333333333333, 84.0, 1.5, 6.388888888888889, 4.5]

WORKLOAD-FINISHED | Type: QueryWorkload | Progress: 43/50 | Workload-time: 4.032325 | Model-update-time: 0.000000

ReportEsts: [1.2072072072072073, 2.0, 1.0255474452554745, 1.0, 1.7241379310344827, 1.8274268104776579, 2.159609005575552, 1.0448227936066714, 10.692307692307692, 36.0, 1.2927985204022656, 1.0, 1.0, 1.0, 1.0, 2.4130434782608696, 1.0464533533416, 8.0, 58.0, 1.0, 1.0, 5.0, 1.0, 1.0, 1.6904164576016056, 16.0, 1.35, 1.0, 1.0, 1.3812905217659772, 1.1129032258064515, 1.0, 1.046881795250935, 2.9592462751971955, 350.0, 1.0, 3.0, 4.0, 1.5275590551181102, 1.2127797524632111, 54.0, 1.8588235294117648, 1.3611111111111112, 7.566666666666666, 13.721649484536082, 1.4329896907216495, 3.3684210526315788, 1.0, 1.083289124668435, 1.23]

WORKLOAD-FINISHED | Type: QueryWorkload | Progress: 44/50 | Workload-time: 3.982721 | Model-update-time: 0.000000

WORKLOAD-FINISHED | Type: DataUpdateWorkload | Progress: 45/50 | Workload-time: 6.790557 | Model-update-time: 10.405880

ReportEsts: [1.0, 1.0, 17.0, 1.3333333333333333, 13.0, 1.031866464339909, 1.071287779237845, 7.25, 18.0, 1.0, 3.5, 1.0, 1.2239355095727977, 1.0, 1.0, 1.0, 1.0, 1.0, 4.0, 4.873397435897436, 50.0, 4.571428571428571, 3.2857142857142856, 1.3362445414847162, 1.206896551724138, 1.0, 1.0, 1.02080395779647, 18.0, 6.859594383775351, 7.631578947368421, 1.3333333333333333, 1.125, 47.0, 18.25, 1.0608852467060872, 6.0, 1.3333333333333333, 1.0588235294117647, 1.0942760942760943, 1.25, 1.0, 1.1324010327022376, 8.0, 1.0488431876606683, 1.0, 194.0, 1.0, 1.1145975443383356, 2.5663366336633664]

WORKLOAD-FINISHED | Type: QueryWorkload | Progress: 46/50 | Workload-time: 4.043779 | Model-update-time: 0.000000

ReportEsts: [7.095238095238095, 1.0, 1.0, 1.0, 8.75, 1.2093023255813953, 1.0, 2.0, 3.2715277777777776, 2.0, 1.0, 1.7227722772277227, 2.0, 1.011764705882353, 1.5, 1.0, 1.0, 65.0, 1.3604651162790697, 12.333333333333334, 6.0, 1.3624300559552358, 1.404494382022472, 1.0, 1.6555555555555554, 1.6557419844791987, 1.4304693019969505, 2.0, 1.25, 1.631578947368421, 46.0, 28.0, 80.0, 1.9322033898305084, 1.6671891327063741, 1.0, 1.0, 72.0, 1.0, 48.0, 122.0, 1.326007326007326, 1.0, 1.0, 1.1259298618490967, 1.6774193548387097, 22.0, 1.2847667796121405, 1.3043478260869565, 33.0]

WORKLOAD-FINISHED | Type: QueryWorkload | Progress: 47/50 | Workload-time: 4.050095 | Model-update-time: 0.000000

ReportEsts: [3.0, 1.0, 2.6666666666666665, 38.370370370370374, 3.0, 2.3333333333333335, 143.0, 1.0, 1.5367298578199051, 1.0, 1.7540983606557377, 1.0, 1.0, 1.8011242488854429, 1.0, 35.0, 1.0, 3.0, 1.0, 1.0, 1.2339181286549707, 1.0, 1.4435483870967742, 1.0, 1.6495890890015736, 1.7, 1.3333333333333333, 1.0, 1.0, 1.4030837004405285, 1.3333333333333333, 19.68421052631579, 17.86842105263158, 2.936802973977695, 1.0681818181818181, 83.0, 1.638655462184874, 1.0653357531760435, 1.0, 1.2112118650580188, 1.0, 3.121212121212121, 1.3009708737864079, 1.0, 1.0, 1.0, 2.0, 15.5, 3.3333333333333335, 1.1493404873686563]

WORKLOAD-FINISHED | Type: QueryWorkload | Progress: 48/50 | Workload-time: 4.024618 | Model-update-time: 0.000000

ReportEsts: [1.0, 1.0, 1.57909604519774, 1.0, 1.1137724550898203, 1.1446930871249168, 1.5, 1.0, 1.0, 4.37037037037037, 1.0, 6.0, 1.0, 1.0, 1.0, 1.0, 2.3614349775784755, 1.0, 1.0596026490066226, 1.0671140939597314, 1.0075757575757576, 1.0, 71.33333333333333, 1.375, 2.1610692254969157, 1.0, 1.0, 4.2139917695473255, 6.968, 1.0, 1.2077922077922079, 73.0, 1.0, 1.3333333333333333, 1.1685082872928176, 1.0, 1.5899581589958158, 10.5, 1.0, 8.333333333333334, 2.4758771929824563, 1.3130347974900172, 1.0, 37.0, 3.6195286195286194, 1.5722379603399435, 1.2159763313609468, 1.0, 1.625, 1.0833333333333333]

WORKLOAD-FINISHED | Type: QueryWorkload | Progress: 49/50 | Workload-time: 4.016373 | Model-update-time: 0.000000

ReportEsts: [1.0, 1.0681818181818181, 9.272727272727273, 130.0, 1.0, 56.13513513513514, 3.0, 1.0, 1.0, 9.588235294117647, 2.0, 81.0, 144.0, 1.6875, 4.0, 1.949461379784552, 1.5555555555555556, 2.0, 1.0, 1.6666666666666667, 1.0, 1.0, 1.0652565256525652, 1.1864927091327706, 1.0063883363870627, 2.4464285714285716, 1.0, 1.3333333333333333, 1.3487088942838226, 1.0, 1.0, 1.4767441860465116, 3.3333333333333335, 1.0, 5.85, 15.733333333333333, 1.0, 1.0, 192.33333333333334, 35.0, 1.0, 1.4285714285714286, 3.0, 1.130117425571971, 1.0105866164949033, 4.0, 1.1666666666666667, 1.5215759849906192, 2.5, 1.273015873015873]

WORKLOAD-FINISHED | Type: QueryWorkload | Progress: 50/50 | Workload-time: 3.996068 | Model-update-time: 0.000000

Experiment Summary: #drift=18 | total-time=444.996204




Sum of Model-update-time = 190.5643
ReportEsts -> max: 559.0000	99th: 194.0714	95th: 60.0500	median: 1.2763	mean: 11.2221
