Input arguments = Namespace(data_update='sample', dataset='forest', debug=False, drift_test='js', model_update='adapt', model='naru', random_seed=42, num_workload=50)

Mean JS divergence: 0.0427

WORKLOAD-FINISHED | Type: DataUpdateWorkload | Progress: 1/50 | Workload-time: 3.518427 | Model-update-time: 0.000000

ReportEsts: [1.3529411764705883, 2.0, 15.0, 9.0, 1.6384615384615384, 4.7894736842105265, 1.263157894736842, 25.904761904761905, 28.4, 1.3350923482849604, 1.107176466159753, 10.0, 1.0, 1.2857142857142858, 1.5, 85.0, 1.0015707400772123, 4.4, 1.1666666666666667, 1.1774530271398747, 1.0, 167.0, 1.2, 1.2163512426436343, 1.2965180749611886, 1.2463267070008643, 1.1597923136645962, 1.0292031049340649, 1.4, 1.6767302762745657, 1.3400695349847893, 1.4887334887334887, 1.0, 1.117537313432836, 1.8297872340425532, 1.6, 7.0, 1.0, 1.2128475551294344, 1.375381485249237, 369.0, 1.0795099091612128, 1.0, 1.0, 2.4705882352941178, 1.2, 26.0, 1.0, 2.0, 1.1612903225806452]

WORKLOAD-FINISHED | Type: QueryWorkload | Progress: 2/50 | Workload-time: 4.181570 | Model-update-time: 0.000000

ReportEsts: [1.0220941402497599, 1.0, 1.0, 1.0, 1.0217606330365974, 1.0, 1.0, 1.3333333333333333, 1.25, 1.3333333333333333, 1.0, 1.0, 144.66666666666666, 1.0, 1.1659206959591502, 65.0, 1.1666666666666667, 168.0, 1.3389830508474576, 2.9, 1.5, 1.1912955093743494, 1.0, 3809.0, 1.0, 1.0, 1.209114296214627, 1.046875, 1.1302382908792112, 2.0, 1.0, 19.0, 1.0, 1.13491743858236, 1.4150943396226414, 1.1267605633802817, 1.0, 25.0, 1.0, 1.2603321033210333, 1.0, 1.0625, 1.0, 1.0, 1.0, 1.078125, 1.4444444444444444, 423.0, 1.2867298578199051, 1.692886282508924]

WORKLOAD-FINISHED | Type: QueryWorkload | Progress: 3/50 | Workload-time: 4.221089 | Model-update-time: 0.000000

Mean JS divergence: nan

WORKLOAD-FINISHED | Type: DataUpdateWorkload | Progress: 4/50 | Workload-time: 3.536242 | Model-update-time: 0.000000

ReportEsts: [2.1153846153846154, 1.130229419703104, 10.0, 1.0, 1.0, 3.0, 1.0, 1.0, 1.5932203389830508, 1.1196227663798808, 1.0, 1.2320441988950277, 58.0, 1.2426732402081622, 3.4, 2.0, 1.0, 2.25, 2.0, 40.0, 1.0, 1.0508474576271187, 1.6595744680851063, 1.1505262430621128, 1.0, 1.2704842781730548, 2.0, 1.3992726328094558, 1.0, 19.0, 422.0, 1.0, 1.0, 1.0, 66.0, 7.0, 1.0740740740740742, 66.0, 1.0, 1.1470588235294117, 1.0740740740740742, 4.0, 1.0, 1.5, 1.3780487804878048, 35.5, 1.0, 1.1, 113.0, 1.2193793540215325]

WORKLOAD-FINISHED | Type: QueryWorkload | Progress: 5/50 | Workload-time: 4.137134 | Model-update-time: 0.000000

ReportEsts: [1.0, 1.0, 1.1379310344827587, 1.411764705882353, 1.0, 523.0, 2.7954545454545454, 170.5, 1.0, 1.0, 1.625, 7.842105263157895, 1.0, 1.0, 1.0, 1.125, 1.0, 10.0, 1.0, 1.5, 2.0, 1.0819361817198485, 1.146090534979424, 1.072538860103627, 6.0, 1.5908350098041713, 1.0516468803690002, 1.0, 1.1764705882352942, 1.5, 1.0, 2.736842105263158, 2.6, 1.8461538461538463, 1.1428571428571428, 1.0, 1.1458398238992427, 1.0, 1.0416666666666667, 1.0873147868158453, 1.101123595505618, 1.1378002528445006, 1.0, 1.1025641025641026, 1.376113493896404, 1.3157894736842106, 1.0338983050847457, 1.1025672222898162, 1.0, 1.0]

WORKLOAD-FINISHED | Type: QueryWorkload | Progress: 6/50 | Workload-time: 4.212730 | Model-update-time: 0.000000

ReportEsts: [1.476063829787234, 1.6666666666666667, 53.0, 1.0348488032077883, 1.0106382978723405, 1.076086956521739, 1.838235294117647, 1.0, 1.201883460859329, 1.5386416861826697, 1.0, 1.1716535433070867, 6.008849557522124, 1.0, 1.0, 1.158638531189065, 1.037776193870278, 1.0, 3.5, 4.0, 1.3993506493506493, 1.0, 1.1342970736193, 3.0, 2.0, 1.7678571428571428, 1.0, 1.280798693959563, 3.0, 2.3263157894736843, 1.0, 1.1470178760372, 1.5, 2.5714285714285716, 1.0, 1.0, 1.0, 206.5, 1.0, 1.1668138923600637, 21.5, 1.0, 1.144578313253012, 1.0, 1.3333333333333333, 1.415061295971979, 1.130117551682205, 1.0, 1.0, 54.0]

WORKLOAD-FINISHED | Type: QueryWorkload | Progress: 7/50 | Workload-time: 4.098763 | Model-update-time: 0.000000

ReportEsts: [1.0, 1.013586956521739, 1.0, 1.0, 1.134375, 1.0, 1.155025937899406, 1.3333333333333333, 1.1176470588235294, 1.9090909090909092, 1.0, 1.0, 9.0, 1.0, 1.0, 1.0, 1.0, 1.1852941176470588, 1.0, 1.2229754157628345, 1.0, 1.0, 1.0, 1.3119065010956903, 1.1492700331306658, 2.15, 116.0, 1.0, 1.1904761904761905, 1.1388888888888888, 2.0, 3.7777777777777777, 1.0, 2.0, 19.714285714285715, 1.1892664732697886, 1.0, 2.0, 2.0, 5.0, 1.0, 1.0, 1.0, 4.571428571428571, 100.0, 1.1599799955545678, 1.8333333333333333, 1.0, 164.0, 1.088235294117647]

WORKLOAD-FINISHED | Type: QueryWorkload | Progress: 8/50 | Workload-time: 4.384058 | Model-update-time: 0.000000

Mean JS divergence: 0.0432

WORKLOAD-FINISHED | Type: DataUpdateWorkload | Progress: 9/50 | Workload-time: 3.442670 | Model-update-time: 0.000000

ReportEsts: [1.3859649122807018, 1.0, 1.8086124401913874, 1.1910669975186103, 1.0, 2.038998211091234, 1.0, 1.0361371698856918, 1.2121212121212122, 1.8214285714285714, 1.75, 1.0, 282.0, 1.0, 4.0, 1.0, 24.0, 1.0220960810724136, 1.2658346333853354, 1.1944799386659852, 1.8076923076923077, 1.0, 2.0, 2.0, 1.2, 2.580952380952381, 1.0, 1.0, 8.0, 1.0, 1.0486111111111112, 1.0, 1.2653061224489797, 1.0770157084950596, 1.0, 1.0, 96, 2.0, 2.0, 41.0, 1.0, 1.7714285714285714, 9.0, 43.0, 1.314125179668104, 1.0, 15.0, 1.2050431320504313, 1.0, 1.0]

WORKLOAD-FINISHED | Type: QueryWorkload | Progress: 10/50 | Workload-time: 4.114230 | Model-update-time: 0.000000

Mean JS divergence: 0.0439

WORKLOAD-FINISHED | Type: DataUpdateWorkload | Progress: 11/50 | Workload-time: 3.638634 | Model-update-time: 0.000000

Mean JS divergence: 0.0443

WORKLOAD-FINISHED | Type: DataUpdateWorkload | Progress: 12/50 | Workload-time: 3.791985 | Model-update-time: 0.000000

Mean JS divergence: 0.0447

WORKLOAD-FINISHED | Type: DataUpdateWorkload | Progress: 13/50 | Workload-time: 3.561019 | Model-update-time: 0.000000

ReportEsts: [1.0, 1.0, 1.0, 1.0, 1.1085831684675087, 1.6908212560386473, 1.0, 1.0, 1.0, 1.0, 1.4333499311678042, 1.0, 1.0, 29.0, 1.0, 1.0677966101694916, 1.1595469898668787, 1.0, 4.428571428571429, 1.0, 1.0389610389610389, 2.591457357740883, 1.0, 1.2016153925300956, 1.6428571428571428, 2.5, 1.0, 1.0, 1.0, 2.0, 1.173913043478261, 1.0, 163.0, 1.09375, 39.0, 2.0, 1.0, 1.0094130675526025, 1.0, 270.0, 1.0, 1.0, 16.0, 3.0, 63.0, 1.2941176470588236, 1.0315170940170941, 1.0, 1.0, 66.0]

WORKLOAD-FINISHED | Type: QueryWorkload | Progress: 14/50 | Workload-time: 4.175768 | Model-update-time: 0.000000

Mean JS divergence: 0.0449

WORKLOAD-FINISHED | Type: DataUpdateWorkload | Progress: 15/50 | Workload-time: 3.557509 | Model-update-time: 0.000000

ReportEsts: [2.2715654952076676, 1.4166666666666667, 1.25105424177278, 1.1585009140767824, 1.0, 1.0, 1.2222222222222223, 1.2722222222222221, 1.5, 1.0, 1.3289473684210527, 1.0, 2.0, 1.0, 3.0, 1.25, 4.0, 4.184210526315789, 1.0, 1.25, 2.0, 1.5200892857142858, 1.0, 1.0, 1.75, 1.0, 1.3846153846153846, 1.105263157894737, 270.0, 1.4, 64.0, 1.0523489932885906, 1.4006514657980456, 1.0, 1.2199404761904762, 1.0, 1.1677704194260485, 1.0, 2.20066889632107, 41.0, 1.0, 1.0416666666666667, 1.0, 598.0, 1.278931215020762, 3.0, 1.0, 1.193936877076412, 1.0, 1.0]

WORKLOAD-FINISHED | Type: QueryWorkload | Progress: 16/50 | Workload-time: 4.206885 | Model-update-time: 0.000000

ReportEsts: [4.875912408759124, 2.0, 1.0, 1.0, 1.0, 1.8, 2.4609848052096424, 1.373913043478261, 1.0, 1.0334624126609984, 1.307233407904549, 1.375, 3.0, 3.0, 1.0, 1.0, 24.0, 1.0, 1.2, 1.0, 2.0, 2.8131868131868134, 1.0, 1.0, 1.0, 1.0909090909090908, 1.0, 58.0, 1.0, 1.0, 1.1335344236047575, 1.0, 2.0, 1.0, 1.0, 34.0, 1.0, 2.6780821917808217, 1.0, 1.0, 1.85, 1.0, 1.0, 1.0, 1.006501220328733, 1.7692307692307692, 1.0, 1.0, 1.1691038296217897, 1.0]

WORKLOAD-FINISHED | Type: QueryWorkload | Progress: 17/50 | Workload-time: 4.232375 | Model-update-time: 0.000000

ReportEsts: [1.6724890829694323, 18.0, 1.1521230357739887, 1.0, 1.2420382165605095, 1.1870967741935483, 1.0372651678472435, 59.0, 1.0, 1.0, 2.0185185185185186, 1.0, 1.0, 1.0, 1.0, 2.3333333333333335, 10.914285714285715, 1.0, 1.0, 1.5666666666666667, 1.6207897793263646, 1.0, 1.0, 1.0, 1.24822695035461, 1.0, 1.0, 1.0, 3.7, 1.0470754317162998, 1.0, 1.123076923076923, 2.0, 1.445048309178744, 1.0, 481.0, 1.0, 7.0, 1.2419047619047618, 1.5, 1.059228650137741, 1.1011033099297893, 1.0, 1.0, 1.0, 2.5714285714285716, 1.0, 1.0769230769230769, 1.0, 5.2]

WORKLOAD-FINISHED | Type: QueryWorkload | Progress: 18/50 | Workload-time: 4.149888 | Model-update-time: 0.000000

ReportEsts: [5.0, 1.0, 3.142857142857143, 7.571428571428571, 1.1555555555555554, 1.0, 1.1493479175431216, 1.0, 1.0, 1.0, 1.1636363636363636, 1.0, 1.0, 1.2051739518287243, 2.5, 1.303030303030303, 2.0, 1.4542391914654689, 1.0, 1.2222222222222223, 1.0, 2.6666666666666665, 1.0, 1.1081081081081081, 1.1271169660889422, 12.0, 1.1578947368421053, 3.7142857142857144, 1.0, 1.2121390689451974, 1.0, 1.0, 1.16, 1.5, 4.7469030113808035, 1.3333333333333333, 1.1111111111111112, 1.0, 1.0, 1.7117647058823529, 1.293956043956044, 1.542857142857143, 1.221913726552448, 1.0, 1.0, 1.1982881597717547, 1.0, 2.0, 1.3151927437641724, 1.291044776119403]

WORKLOAD-FINISHED | Type: QueryWorkload | Progress: 19/50 | Workload-time: 4.333834 | Model-update-time: 0.000000

ReportEsts: [1.0, 1.0, 1.0, 1.0, 1.0, 1.0, 365.0, 7.555555555555555, 2.0, 1.016, 1.0, 1.2727272727272727, 76.0, 12, 1.339080459770115, 1.0, 1.0, 1.0, 1.4059405940594059, 2.0, 1.0, 61.0, 1.2423481041571494, 3.670886075949367, 3.0, 1.6288416075650118, 2.682926829268293, 1.0, 1.0, 1.0, 3.749683343888537, 1.0, 1.0, 389.0, 76.0, 1.2134086922627167, 1.0, 3.0, 1.0, 1.4363636363636363, 7.728072348860258, 1.6666666666666667, 1.0935149420613945, 1.0, 3.6153846153846154, 1.0, 6.0, 106.0, 1.1564415784932565, 1.0]

WORKLOAD-FINISHED | Type: QueryWorkload | Progress: 20/50 | Workload-time: 4.096217 | Model-update-time: 0.000000

ReportEsts: [1.2769978401727862, 1.25, 1.3464133048356932, 1.0, 1.0021141649048626, 1.5, 1.3333333333333333, 1.016098172461569, 9.5, 25.375, 2.0, 13.0, 1.029395753946652, 1.3, 1.2, 1.0, 1.0, 1.0, 2.0, 1.5655737704918034, 1.0914760914760915, 1.6666666666666667, 1.0, 1.0153953813855843, 1.1094224924012157, 2.3333333333333335, 1.0, 1.000709849157054, 2.823529411764706, 1.2207207207207207, 80.0, 1.2222222222222223, 1269.0, 1.1931075460487226, 1.0, 10.0, 1.0, 13.0, 1.0, 1.0, 84.0, 82.0, 1.9722222222222223, 1.0555555555555556, 1.0, 1.6428571428571428, 3.375, 1.0, 1.074493927125506, 2.0]

WORKLOAD-FINISHED | Type: QueryWorkload | Progress: 21/50 | Workload-time: 4.283730 | Model-update-time: 0.000000

Mean JS divergence: 0.0456

WORKLOAD-FINISHED | Type: DataUpdateWorkload | Progress: 22/50 | Workload-time: 3.638051 | Model-update-time: 0.000000

Mean JS divergence: 0.0459

WORKLOAD-FINISHED | Type: DataUpdateWorkload | Progress: 23/50 | Workload-time: 3.513485 | Model-update-time: 0.000000

ReportEsts: [73.5, 1.551547491995731, 1.0, 1.0, 1.2222222222222223, 17.0, 2.432269839123969, 1.236123545210385, 1.0264423076923077, 1.7197032151690024, 1.592964824120603, 1.0, 1.0, 1.92, 1.0, 1.75, 2.2031019202363367, 1.0, 1.0, 489.0, 1.2399073120494335, 1.0, 1.0, 1.0, 126.0, 4.0, 1.0, 12.0, 2.0, 5.898550724637682, 1.0, 1.1176470588235294, 81.0, 1.0, 3.3636363636363638, 3.6666666666666665, 1.0, 1.0930232558139534, 1.0, 1.0, 1.0, 1.0, 2.0, 1.1666666666666667, 1.0, 1.7777777777777777, 1.0, 1.5089285714285714, 2.0, 1.1225071225071226]

WORKLOAD-FINISHED | Type: QueryWorkload | Progress: 24/50 | Workload-time: 4.162361 | Model-update-time: 0.000000

Mean JS divergence: 0.0464

WORKLOAD-FINISHED | Type: DataUpdateWorkload | Progress: 25/50 | Workload-time: 3.536896 | Model-update-time: 0.000000

ReportEsts: [3.0, 1.265246171321139, 925.0, 1.017687074829932, 1.75, 2.0, 1.0073080068890765, 1.0, 1.0, 1.0, 1.0, 1.5, 1.2602691632533645, 3.0, 1.3693693693693694, 1.5360824742268042, 1.267566048341765, 1.0, 1.0, 1.8, 2.0, 1.0, 2.019607843137255, 1.0, 1.0, 1.0, 1.2173913043478262, 1.0795330171470265, 21.0, 2.0, 4.8428571428571425, 1.2213634158934803, 1.2408362747759978, 1.5, 1.0, 1.281208935611038, 63.0, 2.0, 1.0, 1.5047418335089568, 1.0, 1.2447916666666667, 1.380952380952381, 1.0, 1.1572327044025157, 1.0769230769230769, 1.328, 1.0649350649350648, 3.0, 1.0]

WORKLOAD-FINISHED | Type: QueryWorkload | Progress: 26/50 | Workload-time: 4.112700 | Model-update-time: 0.000000

Mean JS divergence: 0.0465

WORKLOAD-FINISHED | Type: DataUpdateWorkload | Progress: 27/50 | Workload-time: 3.623510 | Model-update-time: 0.000000

Mean JS divergence: 0.0470

WORKLOAD-FINISHED | Type: DataUpdateWorkload | Progress: 28/50 | Workload-time: 3.589529 | Model-update-time: 0.000000

Mean JS divergence: 0.0470

WORKLOAD-FINISHED | Type: DataUpdateWorkload | Progress: 29/50 | Workload-time: 3.653377 | Model-update-time: 0.000000

Mean JS divergence: 0.0476

WORKLOAD-FINISHED | Type: DataUpdateWorkload | Progress: 30/50 | Workload-time: 3.663902 | Model-update-time: 0.000000

ReportEsts: [1.1666666666666667, 1.0, 1.0447080291970803, 2.0, 1.2634906948336566, 1.0, 178.0, 1.4352941176470588, 1.0, 1.1965814519864333, 1.0, 1.0, 1.0333333333333334, 1.375, 1.6476683937823835, 1.2, 1.5514078693937448, 1.1704337202199144, 1.0320914884505907, 1.4444444444444444, 2.3006535947712417, 2.37984496124031, 1.4388489208633093, 1.4473684210526316, 47.81111111111111, 2.0, 51.0, 1.0, 1.1413160733549084, 1.0, 2.0, 1.2142857142857142, 1.01617570889479, 1.0, 1.5, 1.3333333333333333, 1.0, 1.0, 1.0, 1.2692702980472765, 1.0, 1.0, 1.2505494505494505, 7.0, 1.0, 1.0833333333333333, 1.12, 1.18125, 1.0, 1.0]

WORKLOAD-FINISHED | Type: QueryWorkload | Progress: 31/50 | Workload-time: 4.101970 | Model-update-time: 0.000000

ReportEsts: [1.681159420289855, 2.0, 5.0, 1.2962962962962963, 1.2, 1.4598930481283423, 1.1093493712411153, 1.0, 32.0, 1.75, 1.0, 1.4053452115812917, 167, 96.0, 1.0, 2.0, 1.616222760290557, 2.2857142857142856, 1.4615384615384615, 1.1709844559585492, 1.3610327166300826, 1.0, 1.1729482765392016, 1.25, 1.0, 2.0, 1.32, 1.0317460317460319, 94.0, 1.2821052631578946, 1.2352941176470589, 1.0454545454545454, 1.0677836131643945, 1.925, 2.0, 1.0, 3.0, 1.5, 1.3, 1.0, 1.0, 1.1594202898550725, 1.0, 1.0, 1.0, 1.0, 1.0, 1.0, 17.0, 1.0]

WORKLOAD-FINISHED | Type: QueryWorkload | Progress: 32/50 | Workload-time: 4.056964 | Model-update-time: 0.000000

ReportEsts: [134.0, 37.0, 39.0, 1.0, 1.0, 1.0, 1.3153300808050008, 1.0, 1.0850190974678173, 1.0282545550567732, 1.0, 1.4221789883268483, 55.0, 1.0, 1.4484304932735426, 1.0, 1.0, 67.0, 1.0, 32.0, 1.0, 1.0, 1.0, 3.5, 1.0, 1.1428571428571428, 1.3305352146216587, 1.0, 1.2857142857142858, 1.0, 1.6666666666666667, 1.0, 1.0, 99.0, 2.5, 1.0, 1.0, 1.0, 2.0, 3.0, 2.4478114478114477, 2.0, 1.3509933774834437, 1.0416666666666667, 1.0, 1.0, 1.125, 1.0, 2.0, 1.0]

WORKLOAD-FINISHED | Type: QueryWorkload | Progress: 33/50 | Workload-time: 4.154692 | Model-update-time: 0.000000

Mean JS divergence: 0.0480

WORKLOAD-FINISHED | Type: DataUpdateWorkload | Progress: 34/50 | Workload-time: 3.706258 | Model-update-time: 0.000000

ReportEsts: [1.0, 1.598159509202454, 1.0, 1.7967479674796747, 1.1946902654867257, 1.1221064814814814, 1.2745098039215685, 1.0, 1.136111111111111, 2.169230769230769, 436.0, 2.5, 1.1627906976744187, 1.0, 2.0, 1.0, 1.4539473684210527, 1.0, 1.5149253731343284, 49.0, 1.0965811965811967, 1.087719298245614, 1.0, 2.0736842105263156, 1.0, 1.0, 1.0, 1.0, 38.0, 1.0, 65.0, 1.0705705705705706, 1.0, 19.0, 1.0, 1.0, 1.0, 1.0, 1.0, 1.0, 1.0125, 1.0, 2.0, 1.1806853582554517, 1.6666666666666667, 1.0524853349799321, 377.0, 1.1636363636363636, 1.6666666666666667, 1.0]

WORKLOAD-FINISHED | Type: QueryWorkload | Progress: 35/50 | Workload-time: 4.083706 | Model-update-time: 0.000000

ReportEsts: [1.0, 1.0, 1.0, 1.0, 1.0, 1.099337748344371, 1.0, 13.0, 2.0, 1.0126582278481013, 1.2, 1.0, 1.073959938366718, 1.04, 2.75, 1.0, 1.0, 1.0, 1.0, 1.0, 1.0, 1.2941176470588236, 1.0, 1.0, 1.0, 2.0, 2.0, 2.8247422680412373, 1.0, 62.333333333333336, 1.0806451612903225, 1.0, 1.0, 2.0, 71.74608150470219, 1.12, 1.0, 1.0, 12.0, 1.0, 1.174845869297164, 1.0749627219737021, 1.2370555208983156, 1.4857142857142858, 1.0537724941448519, 1.0, 1.0, 1.191194535895042, 4.0, 1.0]

WORKLOAD-FINISHED | Type: QueryWorkload | Progress: 36/50 | Workload-time: 4.244604 | Model-update-time: 0.000000

Mean JS divergence: 0.0481

WORKLOAD-FINISHED | Type: DataUpdateWorkload | Progress: 37/50 | Workload-time: 3.775007 | Model-update-time: 0.000000

ReportEsts: [1.0, 1.0, 19.0, 89.0, 1.0, 1.0, 1.3753056234718826, 1.0, 1.3888888888888888, 1.0, 1.1430492842732252, 1.0, 1.0387323943661972, 1.0, 1.143835616438356, 15.525547445255475, 2.1923076923076925, 1.1757575757575758, 1.0, 1.1992773095790785, 1.49816039091693, 2.5, 15.0, 1.0, 16.583333333333332, 1.9223790322580645, 1.0, 1.0, 1.0, 1.2, 10.76923076923077, 1.0, 1.0, 1.0, 1.1986704977111133, 1.0405616224648986, 1.35, 1.2161890093518155, 1.5, 1.1363636363636365, 1.0, 1.293537787513691, 1.0, 1.0, 1.28125, 2.0, 1.6, 1.3321513002364067, 1.0, 1.0]

WORKLOAD-FINISHED | Type: QueryWorkload | Progress: 38/50 | Workload-time: 4.133368 | Model-update-time: 0.000000

Mean JS divergence: 0.0483

WORKLOAD-FINISHED | Type: DataUpdateWorkload | Progress: 39/50 | Workload-time: 3.691794 | Model-update-time: 0.000000

ReportEsts: [1.1116754413131, 1.3164102257079566, 1.0, 1.0, 7.7272727272727275, 209.0, 1.0, 2.0, 1.0, 1.0744479495268138, 1.6097560975609757, 1.1082849182728423, 1.080426653589162, 1.2691167753408417, 1.0, 1.2657657657657657, 1.0, 1.380952380952381, 1.4411764705882353, 1.2018144399176782, 1.5, 1.0, 110.0, 1.0, 2.0, 1.0, 1.5594405594405594, 2.2, 1.0, 1.1886792452830188, 1.0, 1.25, 1.1428571428571428, 1.0, 1.0, 2.0, 38.0, 1.0, 1.3428571428571427, 1.0, 1.0, 1.0, 1.2686567164179106, 1.0, 1.1875, 1.0, 1.0021364563711537, 1.0, 7.0, 1.2286122129651234]

WORKLOAD-FINISHED | Type: QueryWorkload | Progress: 40/50 | Workload-time: 4.166793 | Model-update-time: 0.000000

ReportEsts: [1.0173661360347324, 1.0, 2.324564586357039, 1.0797619047619047, 1.3928571428571428, 10.0, 1.0, 27.0, 1.284153005464481, 3.90625, 1.372, 1.4275700934579438, 1.0382409177820269, 1.0, 1.0, 1.5, 1.0, 1.0, 2.0, 1.348413160576503, 1.194025974025974, 1.2236842105263157, 1.0, 5.352941176470588, 1.0, 1.0, 1.1951848667239897, 1.0, 1.1978531125280976, 1.2040816326530612, 2.0, 35.0, 1.1357583403420242, 1.0, 1.0, 1.0, 1.0, 2.7719298245614037, 1.0, 1.0, 39.0, 1.0, 28.0, 1.1181645441681827, 1.0, 1.0, 1.1727861771058314, 2.289855072463768, 1.0, 1.0]

WORKLOAD-FINISHED | Type: QueryWorkload | Progress: 41/50 | Workload-time: 4.191362 | Model-update-time: 0.000000

ReportEsts: [1.0, 1.0, 1.6666666666666667, 1210.0, 1.0, 3.0, 1.0, 1.0, 2.142857142857143, 1.0, 2.7142857142857144, 383.0, 1.182608695652174, 1449.0, 43.0, 1.6542056074766356, 1.0, 1.0, 1.0, 2.3793103448275863, 8.0, 1.0, 3.75, 5.0, 1.0, 1.6666666666666667, 1.0, 3.0, 1.0276422764227642, 1.0, 1.499585062240664, 1.0, 6.5, 1.0, 1.0488518197573657, 1.0612244897959184, 74.0, 1.0, 2.5277777777777777, 1.5180340864050734, 2.0, 1.2142857142857142, 1.1125611745513866, 1.0, 1.0, 2.0, 1.5353517364203029, 1.1760851302156259, 1.0, 2.0]

WORKLOAD-FINISHED | Type: QueryWorkload | Progress: 42/50 | Workload-time: 4.111120 | Model-update-time: 0.000000

ReportEsts: [1.0, 1.0, 1.0, 1.0, 1.4285714285714286, 219.0, 1.0, 84.0, 1.6666666666666667, 1.3724770642201836, 400.0, 1.2950819672131149, 1.0, 2.1739130434782608, 1.0, 6.5, 1.2170580296896087, 1.0, 1.2857142857142858, 1.5331345310677749, 1.8181818181818181, 3.0, 1.0, 1.438095238095238, 1.0, 32.0, 1.187075408922796, 1.5, 1.0298188097932843, 1.0, 1.0, 2.1336206896551726, 1.0, 1.290231507622812, 1.0, 1.0, 1.3448275862068966, 1.1214732142857142, 1.3333333333333333, 1.0, 1.4657534246575343, 66.0, 9.142857142857142, 1.0, 3.466086956521739, 3.318681318681319, 1.0, 1.480693717277487, 1.2727272727272727, 2.0]

WORKLOAD-FINISHED | Type: QueryWorkload | Progress: 43/50 | Workload-time: 4.221305 | Model-update-time: 0.000000

ReportEsts: [1.0, 1.0294117647058822, 2.0, 1.0, 1.0, 1.2222222222222223, 4.0, 1.1107692307692307, 1.1565096952908587, 72.0, 18.609874152952564, 1.4166666666666667, 1.0, 1.3342471530999578, 1.0, 1.0, 1.0, 1.0, 1.0, 1.4396654719235364, 1.5555555555555556, 1.36986301369863, 1.125401089470935, 1.0718415254052402, 1.242799741493158, 1.6118945432250154, 1.0, 1.0, 2.5027700831024933, 85.0, 1.0, 1.0, 1.0, 1.0, 1.375, 1.0, 1.1306818181818181, 4.75, 1.19209064624125, 1.2084664536741214, 1.1608669667142353, 1.375, 20.309322033898304, 1.0, 1.2730034722222223, 1.0, 1.2338709677419355, 1.0, 1.0, 2.064516129032258]

WORKLOAD-FINISHED | Type: QueryWorkload | Progress: 44/50 | Workload-time: 4.132852 | Model-update-time: 0.000000

Mean JS divergence: 0.0488

WORKLOAD-FINISHED | Type: DataUpdateWorkload | Progress: 45/50 | Workload-time: 3.701223 | Model-update-time: 0.000000

ReportEsts: [1.0, 1.3333333333333333, 1.3333333333333333, 1.0120481927710843, 354.0, 1.0, 3.0, 2.0, 1.0, 4.0, 1.7244414353419093, 1.3076923076923077, 1.0607658157602664, 1.0714285714285714, 1.0, 1.0384615384615385, 1.0, 1.0677966101694916, 11.2, 1.0, 1.0, 5.358208955223881, 1.37003150751333, 1.0, 1.2991284974772295, 7.254901960784314, 1.6666666666666667, 1.0, 1.0434782608695652, 1.90625, 1.0, 1.0, 1.19874715261959, 1.5330357142857143, 1.0657894736842106, 1.6666666666666667, 1.1733333333333333, 1.0, 1.426392572944297, 1.0, 1.5814977973568283, 1.0, 1.0, 5.0, 1.0, 1.0, 5.9, 1.034026018633807, 1.1073170731707318, 42.0]

WORKLOAD-FINISHED | Type: QueryWorkload | Progress: 46/50 | Workload-time: 4.087049 | Model-update-time: 0.000000

ReportEsts: [1.6428571428571428, 93.0, 1.0, 2.2483923452390178, 1.0, 1.0, 1.0, 1.0, 1.25, 1.0, 7.478260869565218, 3.0, 4.277777777777778, 1.0, 2.0, 1.8461538461538463, 2.4289439374185138, 1.125, 1.3397219882055602, 152.0, 2.0, 1.0594771241830065, 1.454177897574124, 1.0, 3.0, 2.0344827586206895, 1.0, 3.192982456140351, 1.150846667702346, 1.4912280701754386, 1.4186046511627908, 1.0, 1.0, 1.0, 1.5, 1.4473684210526316, 1.9145933014354066, 1.0, 2.0, 2.923076923076923, 1.5571428571428572, 1.1029411764705883, 1.0476190476190477, 1.2409081173698864, 1.0, 3.551643192488263, 1.0, 1.311578947368421, 44.0, 1.2141033195835789]

WORKLOAD-FINISHED | Type: QueryWorkload | Progress: 47/50 | Workload-time: 4.072964 | Model-update-time: 0.000000

ReportEsts: [1.1289198606271778, 2.044334975369458, 162, 1.6666666666666667, 1.0, 1.3870967741935485, 7.0, 1.1067415730337078, 1.6351791530944626, 1.2622950819672132, 1.0, 1.5840840840840842, 1.0621761658031088, 1.0, 1.0, 1.0, 1.0546928907265463, 1.0, 1.0, 1.4, 1.5350877192982457, 1.0, 1.1253507951356407, 27.0, 1.0, 2.87479674796748, 1.0, 2.2941176470588234, 13.38888888888889, 1.0, 1.0, 1.049429657794677, 1.0, 18.0, 1.0, 1.0, 1.698482119886802, 127.5, 1.0, 1.2109375, 1.2148148148148148, 3.0, 1.0, 1.5512820512820513, 1.4444444444444444, 1.0, 1.0544159211751343, 1.0, 1.2534992223950234, 1.0]

WORKLOAD-FINISHED | Type: QueryWorkload | Progress: 48/50 | Workload-time: 4.064024 | Model-update-time: 0.000000

ReportEsts: [1.0, 1.1504424778761062, 1.0, 120.0, 1.0895522388059702, 1.0, 3.0, 1.2469252601702934, 181, 1.0298507462686568, 43.0, 1.5, 1.0, 1.21256038647343, 1.0, 1.0, 1.0, 1.0, 1.0, 41.0, 2.0, 1.0, 12.0, 1.4316546762589928, 1.0, 24.0, 1.0655737704918034, 2.0, 1.312838908817886, 20.0, 1.0, 3.0, 2.0673076923076925, 20.466666666666665, 1.4150943396226414, 1.0, 1.071536428841072, 1.0, 1.1909062871745164, 103.0, 6.0, 1.1486486486486487, 1.1952755905511812, 3.0, 1.0, 1.0, 1.0, 2.414141414141414, 1.0, 1.0]

WORKLOAD-FINISHED | Type: QueryWorkload | Progress: 49/50 | Workload-time: 4.132069 | Model-update-time: 0.000000

ReportEsts: [1.7142857142857142, 1.0, 1.3037974683544304, 2.5176470588235293, 4.0344827586206895, 1.5, 1.0, 1.0, 1.0, 1.0, 1.1924119241192412, 1.0, 2.0, 1.0, 1.0, 1.0, 4.0, 94.0, 1.1457641795352864, 1.0, 4.5, 297.0, 183, 1.0, 1.0, 1.0, 1.0, 38.0, 1.0, 1.0, 31.4, 1.465040650406504, 1.0, 1.1486486486486487, 1.0, 38.0, 1.1638004427038993, 1.0, 1.0, 1.4878048780487805, 1.2850678733031675, 1.0510204081632653, 1.0, 1.4744186046511627, 271.0, 1.3756906077348066, 87.0, 1.0, 1.5, 1.0]

WORKLOAD-FINISHED | Type: QueryWorkload | Progress: 50/50 | Workload-time: 4.209052 | Model-update-time: 0.000000

Experiment Summary: #drift=0 | total-time=198.470760




Sum of Model-update-time = 0.0000
ReportEsts -> max: 3809.0000	99th: 369.0800	95th: 62.3667	median: 1.1600	mean: 16.7732
