Input arguments = Namespace(data_update='permute-opt', dataset='forest', debug=False, drift_test='js', model_update='adapt', model='naru', random_seed=42, num_workload=50)

WORKLOAD-FINISHED | Type: DataUpdateWorkload | Progress: 1/50 | Workload-time: 3.932527 | Model-update-time: 0.000000

ReportEsts: [1.0, 2.6666666666666665, 3.0, 1.2222222222222223, 1.0, 1.3333333333333333, 1.0, 1.3333333333333333, 73.0, 1.0112752814824877, 1.0, 1.0, 1.1626746506986028, 1.25, 1.5, 1.0, 1.5714285714285714, 5.0, 1.0, 1.0373357228195939, 1.1326157870210303, 1.1818181818181819, 15.333333333333334, 1.217810170059479, 1.269468067367017, 342.0, 2.510204081632653, 1.1978392977717758, 11.0, 1.1538461538461537, 1.0, 1.3333333333333333, 1.1969543147208122, 16.532332563510394, 66.0, 1.0, 1.0, 5.0, 1.4052722345405273, 1.0, 1.0, 1.0, 1.0, 90.0, 9.96, 1.2755905511811023, 1.573943661971831, 1.0, 1.29375, 1.0466101694915255]

WORKLOAD-FINISHED | Type: QueryWorkload | Progress: 2/50 | Workload-time: 4.619524 | Model-update-time: 0.000000

ReportEsts: [1.0, 1.0, 1.0, 1.0, 40.0, 1.8366713119649611, 1.0, 2.0, 1.5, 1.0, 4.0, 113.0, 1.2233058106954384, 1.0, 101.0, 1.0, 6.722222222222222, 1.8964143426294822, 2.2558659217877093, 1.0, 1.0, 1.0, 158.0, 1.3319771137952956, 2.5, 1.0, 1.9289137380191694, 1.2857142857142858, 1.0, 1.0, 1.2469352014010509, 1.1666666666666667, 1.005730659025788, 1.0801510401823882, 1.0388050959144823, 4.0, 11.0, 1.0, 41.0, 3.0634146341463415, 1.6666666666666667, 1.0, 2.0384615384615383, 1.1845758711647925, 1.0, 1.1661275831087152, 1.4821428571428572, 1.9993429697766096, 2.0, 3.0]

WORKLOAD-FINISHED | Type: QueryWorkload | Progress: 3/50 | Workload-time: 4.291722 | Model-update-time: 0.000000

WORKLOAD-FINISHED | Type: DataUpdateWorkload | Progress: 4/50 | Workload-time: 3.599786 | Model-update-time: 0.000000

ReportEsts: [1.0, 1.0, 1.0, 1.0, 3.0, 1.0, 1.0625, 1.0, 1.01, 3.0, 1.0, 1.0, 1.0753502256910101, 2.0, 1.0, 1.0, 2.6, 1.0, 25.071428571428573, 1.0666666666666667, 1.0, 2.0, 1.2376125616543736, 1.0, 1.3708053691275168, 1.161270740590854, 1.0, 2.392857142857143, 1.3819918144611187, 2.125, 1.0, 73.0, 1.0, 1.0, 2.4527027027027026, 1.0, 31.0, 1.163265306122449, 1.0, 1.0269784750653974, 16.0, 1.0, 1.5714285714285714, 1.4882879171325996, 6.453900709219858, 1.8, 1.0, 1.3012636899747263, 1.1790603814397635, 1.0]

WORKLOAD-FINISHED | Type: QueryWorkload | Progress: 5/50 | Workload-time: 4.273598 | Model-update-time: 0.000000

ReportEsts: [1.4489795918367347, 5.0, 1.0, 1.3062730627306274, 4.61084142394822, 2.5, 1.0, 1.7777777777777777, 3.492063492063492, 1.3538767395626243, 1.0, 1.0, 1.0, 1.0, 1.0194805194805194, 1.0, 2.530203769944938, 1.0, 2.3098591549295775, 1.264367816091954, 1.0, 1.2689655172413794, 2.64808362369338, 1.0, 1.2142857142857142, 1.5, 1.0, 6.263736263736264, 1.0, 1.2301000434971727, 1.3463855421686748, 1.0, 1.0, 1.1111111111111112, 1.0626997531505782, 1.3636363636363635, 1.0, 1.5108001963672066, 1.2033213644524237, 47.0, 3.0, 1.4166666666666667, 1.0, 1.0, 1.03446261682243, 1.0, 1.3333333333333333, 78, 1.0, 1.0909090909090908]

WORKLOAD-FINISHED | Type: QueryWorkload | Progress: 6/50 | Workload-time: 4.067075 | Model-update-time: 0.000000

ReportEsts: [2.0, 1.6091954022988506, 1.1578947368421053, 1.0, 1.120331950207469, 2.466666666666667, 1.5789473684210527, 2.0, 1.0, 1.0, 1.0, 1.0, 1.0, 108.0, 2.0, 1.0, 1.4545454545454546, 20.5, 1.0, 1.2222222222222223, 1.2580645161290323, 1.3636363636363635, 1.013296011196641, 1.0, 1.0, 44.0, 1.0, 1.0, 1.687170474516696, 1.0, 1.1171604112172273, 1.5, 3.0, 2.0, 1.0, 1.0, 1.0, 32.0, 1.6, 1.408450704225352, 1.1428571428571428, 1.254172197989759, 1.0, 23, 1.0, 1.0, 55.0, 12.0, 1.0, 1.0]

WORKLOAD-FINISHED | Type: QueryWorkload | Progress: 7/50 | Workload-time: 4.073399 | Model-update-time: 0.000000

ReportEsts: [1.0, 1.375, 4.0, 1.0, 1.0, 1.0, 1.0, 3.0, 1.105945945945946, 1.0, 1.0, 1.4270833333333333, 1.0376145495559002, 1.0528846153846154, 1.25, 1.0, 1.0, 1.0, 1.0, 1.2761934607750967, 1.0634517766497462, 1.200555414311697, 1.0, 1.3242009132420092, 1.0, 29.0, 3.6666666666666665, 125.0, 1.0, 1.0, 73.0, 1.0, 1.1794823705926483, 1.0, 1.0, 1.0, 1.4627383015597921, 1.2530836244447319, 1.0, 1.0, 1.0, 1.0468227424749164, 1.073394495412844, 1.3666666666666667, 19.0, 1.0, 2.0, 1.2268041237113403, 1.3201438848920863, 3.0]

WORKLOAD-FINISHED | Type: QueryWorkload | Progress: 8/50 | Workload-time: 4.097941 | Model-update-time: 0.000000

WORKLOAD-FINISHED | Type: DataUpdateWorkload | Progress: 9/50 | Workload-time: 3.364903 | Model-update-time: 0.000000

ReportEsts: [1.0, 1.002849002849003, 1.2143024618991793, 1.0, 1.2, 1.0, 3.0, 39.0, 1.0, 1.35, 1.0, 1.2, 1.0, 1.0, 2.0, 1.20052802353937, 1.0, 1.0554050158547132, 2.0, 1.2222222222222223, 1.0, 1.0, 1.0, 1.2873563218390804, 43.0, 2.0, 1.0000300267237843, 4.0, 1.0, 1.0657894736842106, 3.0, 9.879310344827585, 15.0, 116.0, 1.7400958869543275, 52.35, 1.0, 1.0, 1.2871287128712872, 1.0, 18.0, 102.0, 1.0, 1.5294117647058822, 1.0, 2.0, 1.0, 5.396825396825397, 4.0, 1.0]

WORKLOAD-FINISHED | Type: QueryWorkload | Progress: 10/50 | Workload-time: 3.990802 | Model-update-time: 0.000000

WORKLOAD-FINISHED | Type: DataUpdateWorkload | Progress: 11/50 | Workload-time: 3.477032 | Model-update-time: 0.000000

WORKLOAD-FINISHED | Type: DataUpdateWorkload | Progress: 12/50 | Workload-time: 3.543843 | Model-update-time: 0.000000

WORKLOAD-FINISHED | Type: DataUpdateWorkload | Progress: 13/50 | Workload-time: 3.583826 | Model-update-time: 0.000000

ReportEsts: [1.8571428571428572, 1.0, 1.4836734693877551, 7.0, 9.0, 1.04, 1.2603806228373702, 14.238670694864048, 2.8, 1.062795089707271, 1.2129112569221463, 1.0398719829310574, 1.032258064516129, 1.0, 24.42105263157895, 1.0, 40.0, 68.0, 1.0, 1.0, 1.0, 1.0, 1.0, 1.5904436860068258, 1.0, 1.0, 1.0, 1.9154518950437318, 1.0647149460708782, 2.0, 1.03125, 67.13333333333334, 6.0, 1.0, 2.5, 1.0, 1.2621359223300972, 2.5789473684210527, 1.0, 1.0, 1.6833616298811545, 2.0869800432796346, 1.0, 1.0, 1.1940298507462686, 1.0897349391835005, 3.7107750472589793, 1.2081963066025803, 1.509090909090909, 1.8]

WORKLOAD-FINISHED | Type: QueryWorkload | Progress: 14/50 | Workload-time: 4.092072 | Model-update-time: 0.000000

WORKLOAD-FINISHED | Type: DataUpdateWorkload | Progress: 15/50 | Workload-time: 3.527738 | Model-update-time: 0.000000

ReportEsts: [2.1366459627329193, 1.0, 1.0, 1.0, 1.0873026403078148, 1.0, 3.0, 31.80952380952381, 1.0, 1.4023148148148148, 1.2058823529411764, 1.0, 2.25, 1.0, 1.674259681093394, 1.0, 1.0, 7.3979143798024145, 1.118421052631579, 1.0, 1.0, 1.0, 25.153846153846153, 1.0, 1.0, 1.0, 2.0, 1.4166666666666667, 2.0, 1.0, 1.0, 1.0, 1.0948275862068966, 2.25, 1.0, 2.3333333333333335, 1.0, 1.7, 5.5, 1.0, 1.3911111111111112, 1.0, 1.0, 1.0, 1.1582962492053401, 1.0, 1.2252252252252251, 1.0, 1.0, 1.226148409893993]

WORKLOAD-FINISHED | Type: QueryWorkload | Progress: 16/50 | Workload-time: 4.126594 | Model-update-time: 0.000000

ReportEsts: [1.0, 1.0, 1.0, 1.1715237302248127, 3.0, 1.0734827898550725, 1.126379850883895, 1.4636575545666455, 1.0, 1.1096423017107309, 2.0, 2.4055555555555554, 1.0323232323232323, 1.0, 743.0, 1.625416204217536, 1.0, 1.0, 21.0, 1.0, 1.0, 1.0, 1.0, 341.0, 1.1294117647058823, 1.125, 7.0, 2.1631799163179917, 11.0, 1.0, 1.132882882882883, 1.0, 1.0710382513661203, 1.0724637681159421, 10.0, 1.0, 1.0, 1.0, 1.0, 1.0, 1.082385853629346, 1.013722998729352, 1.0, 300.0, 1.4888152444076221, 1.0, 8.0, 3.5, 1.0, 1.0]

WORKLOAD-FINISHED | Type: QueryWorkload | Progress: 17/50 | Workload-time: 4.286966 | Model-update-time: 0.000000

ReportEsts: [1.9473684210526316, 1.0, 1.2752066633266532, 2.1103450653245543, 1.0, 1.0, 1.0, 1.0, 1.0, 5.0, 1.053275941815573, 37.0, 1.0, 85, 1.2553191489361701, 1.0, 1.043859649122807, 1.5649717514124293, 30.0, 83.5, 2.8095238095238093, 4.2229190421892815, 1.0, 1.0, 1.2121523540368682, 1.0, 1.0, 29.0, 1.2028571428571428, 1.2398557258791705, 3.0, 3.0, 1.0, 1.0, 2.18974358974359, 3.0, 2.0, 1.2588832487309645, 1.0, 2.0, 3.6, 1.1396430139746339, 1.0, 1.0, 1.0, 1.0, 1.0, 1.0, 1.0, 1.0]

WORKLOAD-FINISHED | Type: QueryWorkload | Progress: 18/50 | Workload-time: 4.109756 | Model-update-time: 0.000000

ReportEsts: [1.2964509394572026, 1.1799185994430488, 6.509433962264151, 1.0, 1.0, 1.6545454545454545, 1.0925925925925926, 1.178082191780822, 1.0, 1.0, 1.159048884027398, 1.2685483870967742, 2.0, 1.0606060606060606, 1.0, 1.1747204309852257, 132.0, 51.0, 1.0, 1.1694695989650712, 1.0, 1.0, 1.0, 1.2107372768128264, 2.5098039215686274, 1.1428571428571428, 1.1666666666666667, 1.4895833333333333, 1.0, 1.0, 1.2333333333333334, 9.625, 83.0, 1.0, 2.3333333333333335, 2.5, 1.1072319201995013, 1.0, 1.0, 35.214285714285715, 46.0, 1.2699228791773778, 1.0985221674876848, 1.3333333333333333, 1.4126250962278677, 20.0, 1.0, 1.9714285714285715, 1.0, 3.75]

WORKLOAD-FINISHED | Type: QueryWorkload | Progress: 19/50 | Workload-time: 4.185730 | Model-update-time: 0.000000

ReportEsts: [1.572752548656163, 1.0, 1.0, 1.354673998428908, 1.2863514719000892, 1.125, 1.288, 1.0, 1.352081965675701, 26.0, 1.0, 2.269230769230769, 1.0, 1.0667111308729806, 10.0, 1.0666666666666667, 2.6375, 1.0, 1.0, 1.0, 1.0, 1.7540509259259258, 1.3818181818181818, 1.0, 1.0, 1.0, 3.0, 2.259259259259259, 1.0636743215031315, 1.0, 4.166666666666667, 1.2857142857142858, 1.0, 1.5, 1.1416666666666666, 1.0, 1.0, 1.456043956043956, 1.0, 1.1904761904761905, 1.0, 1.2648221343873518, 1.0, 1.2, 3.75, 1.0, 1.417785234899329, 1.0, 1.231920199501247, 1.0]

WORKLOAD-FINISHED | Type: QueryWorkload | Progress: 20/50 | Workload-time: 4.032410 | Model-update-time: 0.000000

ReportEsts: [1.0499866510586737, 9.266666666666667, 1.0, 1.0, 289.0, 1.0, 1.103448275862069, 2.0, 14.0, 1.1818181818181819, 1.0, 1.449339207048458, 1.0, 1.5, 1.5, 2.0, 1.0, 1.0, 1.0, 16.0, 1.0, 1.0526315789473684, 1.6666666666666667, 35.0, 1.3220338983050848, 13.0, 1.0, 8.636363636363637, 1.0, 1.6666666666666667, 67.0, 1.1021976540380207, 1.0, 1.1166482096714654, 1.1666666666666667, 125.0, 1.496969696969697, 2.0, 1.0, 1.0, 28.0, 1.0, 1.0, 37.0, 1.0, 1.0806340454858718, 19.0, 1.0, 15.666666666666666, 5.67741935483871]

WORKLOAD-FINISHED | Type: QueryWorkload | Progress: 21/50 | Workload-time: 3.996278 | Model-update-time: 0.000000

WORKLOAD-FINISHED | Type: DataUpdateWorkload | Progress: 22/50 | Workload-time: 3.474728 | Model-update-time: 0.000000

WORKLOAD-FINISHED | Type: DataUpdateWorkload | Progress: 23/50 | Workload-time: 3.554068 | Model-update-time: 0.000000

ReportEsts: [2.061224489795918, 1.1025641025641026, 1.0, 1.25, 1.0705276964988397, 1.2, 2.0, 1.0, 1.1301703163017032, 1.0, 1.1605839416058394, 1.780128794848206, 1.0, 1746.0, 1.0, 1.0, 1.2522968197879858, 1.0, 1.0, 1.5, 1.0, 1.0, 1.1666666666666667, 1.0, 1.875, 1.0, 1.0, 1.0, 1.0, 1.2380952380952381, 1.0, 4.900990099009901, 1.199333500055251, 1.2818742655699178, 1.3410880458124552, 1.125379249792693, 2.625, 1.0, 1.0, 1.0, 15.0, 1.401631912964642, 1.1399304680808182, 2.4, 54.0, 4.333333333333333, 1.1428571428571428, 1.0, 1.435897435897436, 1.1111111111111112]

WORKLOAD-FINISHED | Type: QueryWorkload | Progress: 24/50 | Workload-time: 4.124630 | Model-update-time: 0.000000

WORKLOAD-FINISHED | Type: DataUpdateWorkload | Progress: 25/50 | Workload-time: 3.743065 | Model-update-time: 0.000000

ReportEsts: [1.5713288178199847, 1.0, 20.0, 1.1699895068205666, 1.0, 1.040185830429733, 1.3016790935243352, 1.0, 1.387393302692055, 1.06795004010542, 1.0909090909090908, 2.05, 38.0, 1.3725490196078431, 2.25, 1.1957500450207095, 1.1832778822508319, 1.235734664764622, 1.0, 1.0232558139534884, 1.0, 1.0, 12.333333333333334, 1.0850738613048831, 1.0, 1.0, 99.0, 1.0895522388059702, 1.2125367990234797, 9.342105263157896, 1.5518904435844, 37.0, 1.2339824313532772, 1.0, 1.0954051749996052, 1.0, 1.0, 1.0, 1.4307692307692308, 1.0, 1.322617680826636, 1.1760473973762167, 1.0, 1.0, 1.0, 363.0, 5.944444444444445, 2.0, 1.0, 1.0]

WORKLOAD-FINISHED | Type: QueryWorkload | Progress: 26/50 | Workload-time: 4.041688 | Model-update-time: 0.000000

WORKLOAD-FINISHED | Type: DataUpdateWorkload | Progress: 27/50 | Workload-time: 3.686585 | Model-update-time: 0.000000

WORKLOAD-FINISHED | Type: DataUpdateWorkload | Progress: 28/50 | Workload-time: 3.759664 | Model-update-time: 0.000000

WORKLOAD-FINISHED | Type: DataUpdateWorkload | Progress: 29/50 | Workload-time: 3.796441 | Model-update-time: 0.000000

WORKLOAD-FINISHED | Type: DataUpdateWorkload | Progress: 30/50 | Workload-time: 3.741156 | Model-update-time: 0.000000

ReportEsts: [1.2541521000184, 1.0, 1.3333333333333333, 1.0, 1.3293023255813954, 9.688311688311689, 81.0, 1.0444224463280332, 1.0, 1.0588235294117647, 1.3487694300518134, 54.0, 1.0, 1.0, 2.5, 1.0, 2.0, 1.0, 1.1553833748203204, 1.5596330275229358, 1.0, 1.125, 14.642857142857142, 1.0, 1.2107569721115539, 1.0, 1.0, 1.282258064516129, 1.0, 1.140609920864698, 1.0, 32.0, 93.0, 1.0, 1.0, 1.0, 1.3746714456391875, 1.0, 1.0, 1.0, 1.0, 1.0, 52.0, 1.0, 1.7501012555690563, 1.0, 75, 1.6666666666666667, 1.75, 1.0]

WORKLOAD-FINISHED | Type: QueryWorkload | Progress: 31/50 | Workload-time: 4.216196 | Model-update-time: 0.000000

ReportEsts: [1.0, 1.0, 2.6, 1.0177587262706675, 1.0734126984126984, 1.0411934824010722, 1.38, 1.2, 4.125, 12.0, 1.0, 1.0238500851788757, 1.1304964539007092, 1.0, 1.0939177101967799, 1.0, 20.0, 1.0, 2.0, 1.0, 1.238973897389739, 1.0, 1.0, 2.0, 2.22964509394572, 1.0, 1.3333333333333333, 1.0, 1.0, 1.310077519379845, 1.1904761904761905, 1.5, 1.0, 1.1021140805743916, 1.0, 55.0, 24.733333333333334, 2.0, 1.0957120980091883, 1.0, 2.5714285714285716, 1.0, 1.0, 12.2, 93.0, 1.0, 1.0, 1.0, 50.0, 1.0]

WORKLOAD-FINISHED | Type: QueryWorkload | Progress: 32/50 | Workload-time: 4.149948 | Model-update-time: 0.000000

ReportEsts: [1.9565217391304348, 1.172181551976574, 14.0, 1.617283950617284, 3.0, 1.0, 1.121272365805169, 1.0, 1.0, 1.0, 1.471502590673575, 1.1272993515096577, 1.2857142857142858, 1.128654970760234, 1.5, 1.1545572827501198, 2.021195172210774, 1.0, 1.21875, 3.0, 1.0741822429906542, 1.0, 1.104109589041096, 1.0833333333333333, 1.0, 6.615384615384615, 110.66666666666667, 1.5267175572519085, 1.0, 1.1027692307692307, 1.0, 1.2222222222222223, 2.7142857142857144, 19.90402742073693, 1.5454545454545454, 1.8806625693299355, 1.0, 1.2, 1.5098039215686274, 1.0, 1.0, 1.3125, 3.0, 1.0, 14.125, 2.0, 48.0, 1.0, 1.0699728260869565, 64.0]

WORKLOAD-FINISHED | Type: QueryWorkload | Progress: 33/50 | Workload-time: 4.117056 | Model-update-time: 0.000000

WORKLOAD-FINISHED | Type: DataUpdateWorkload | Progress: 34/50 | Workload-time: 3.670285 | Model-update-time: 0.000000

ReportEsts: [2.6818181818181817, 28.75, 1.0, 1.0, 3.0, 12.0, 1.0399201596806387, 1.0, 1.1869986581183838, 1.0, 1.0, 1.0, 1.0, 1.0, 34.0, 1.321917808219178, 14.0, 71.0, 1.0, 49.0, 1.0, 1.1037023211952732, 1.2, 1.0, 1.0, 1.0, 1.0, 1.1344019728729964, 1.1666666666666667, 3.2, 1.0, 1.75, 81.5, 1.0, 1.0, 1.0, 1.430622009569378, 1.4599250936329589, 1.0, 1.0, 2.0, 1.1764705882352942, 36.0, 1.0, 1.0, 1.0, 1.0, 1.5333333333333334, 1.0, 1.0]

WORKLOAD-FINISHED | Type: QueryWorkload | Progress: 35/50 | Workload-time: 4.287316 | Model-update-time: 0.000000

ReportEsts: [1.641025641025641, 1.8315217391304348, 1.1764705882352942, 1.0, 1.021505376344086, 1.0, 21.25, 1.0, 1.0, 5.137254901960785, 1.0833333333333333, 1.0, 1.0, 5.0, 1.0, 1.0578638021888933, 1.0931213595148022, 17.5, 1.0, 1.0, 7.0, 1.6666666666666667, 4.0, 2.590909090909091, 1.0, 2.0, 1.1111111111111112, 2.0, 1.0, 1.0, 1.0, 2.769230769230769, 1.29004329004329, 1.0, 1.0, 1.0, 1.1489096893643282, 1.0, 2.857142857142857, 1.0, 215.0, 1.5266801576312707, 1.0, 1.0, 2.0, 1.0, 1.8484848484848484, 1.3592233009708738, 1.0, 1.311904761904762]

WORKLOAD-FINISHED | Type: QueryWorkload | Progress: 36/50 | Workload-time: 4.030234 | Model-update-time: 0.000000

WORKLOAD-FINISHED | Type: DataUpdateWorkload | Progress: 37/50 | Workload-time: 3.611788 | Model-update-time: 0.000000

ReportEsts: [60.0, 1.1442307692307692, 10.685714285714285, 1.0, 1.146067415730337, 2.3333333333333335, 1.0, 1.0, 1.0, 1.290909090909091, 2.0, 10.222222222222221, 1.0, 1.335483870967742, 1.0, 1.0, 67.0, 1.3439397241508142, 1.0, 1.1743589743589744, 1.0, 2.1655480984340043, 9.4, 1.0, 1.0, 1.0776565048300089, 1.0, 1.3865546218487395, 1.0, 1.1965267899478427, 1.0, 2.25, 1.0, 1.2292331160726668, 2.0, 1.0, 1.0, 167.0, 1.4673913043478262, 1.0, 1.0, 1.0, 1.3076923076923077, 1.0, 1.0, 1.0, 2.9302325581395348, 1.523076923076923, 1.2777777777777777, 1.0]

WORKLOAD-FINISHED | Type: QueryWorkload | Progress: 38/50 | Workload-time: 4.136317 | Model-update-time: 0.000000

WORKLOAD-FINISHED | Type: DataUpdateWorkload | Progress: 39/50 | Workload-time: 3.762988 | Model-update-time: 0.000000

ReportEsts: [103.0, 1.0, 1.894736842105263, 1.7714285714285714, 1.8, 1.0, 272.0, 29.0, 2.0, 1.1, 1.271186440677966, 1.0, 1.0299930645155042, 2.0579964850615116, 1.0, 1.4407582938388626, 1.1503007366358045, 1.2106791054241062, 143.0, 1.0, 1.6933333333333334, 1.0, 53.0, 1.5, 2.0, 1.0, 2.0, 1.0, 1.368421052631579, 1.0, 25.783783783783782, 1.0, 1.1924528301886792, 1.1604938271604939, 14.0, 1.0, 1.0, 5.0, 3.533333333333333, 1.0, 1.0305233222934598, 1.0463576158940397, 1.0, 1.5, 1.0, 1.0, 1.0, 1.0, 1.16, 2.0]

WORKLOAD-FINISHED | Type: QueryWorkload | Progress: 40/50 | Workload-time: 4.038527 | Model-update-time: 0.000000

ReportEsts: [1.1133492218457475, 74.0, 1.27734375, 2.642857142857143, 1.6666666666666667, 1.375, 4.0, 1.0, 1.0, 195.0, 1.0, 1.0, 1.0, 1.0, 1.0, 1.5171388943927084, 1.0, 1.0, 2.285839929639402, 16.0, 1.0, 1.0, 3.1649484536082473, 1.2212419305256685, 1.1275167785234899, 1.0, 1.0, 10.393939393939394, 2.0, 2.111111111111111, 1.9544235924932976, 1.0, 1.4285714285714286, 82.0, 2.1733615221987317, 1.0, 2.0, 1.1072194424588993, 31.0, 1.0490066225165562, 1.0, 1.0, 2.0, 2.0, 1.0, 1.4343434343434343, 1.0, 1.0510638297872341, 1.0, 1.0]

WORKLOAD-FINISHED | Type: QueryWorkload | Progress: 41/50 | Workload-time: 3.995288 | Model-update-time: 0.000000

ReportEsts: [1.7966008771929824, 1.0, 1.2311514869166862, 1.3479783672418233, 2.0, 3.6666666666666665, 1.1818181818181819, 1.0, 1.1142857142857143, 1.5, 1.0, 1.0006236357966947, 1.0, 1.0, 1.3333333333333333, 1.1419738118331717, 1.4285714285714286, 1.0, 1.0, 1.4224489795918367, 1.0, 1.6, 1.0, 1.1896551724137931, 1.160989010989011, 1.0, 1.504028648164727, 1.0, 454.0, 1.1515151515151516, 13.0, 2.0, 1.0, 1.588235294117647, 2.0, 1.1245108502312344, 1.0, 1.0, 1.0, 2.0, 2.5, 1.4482758620689655, 1.1738162493416957, 1.0, 5.666666666666667, 9.0, 1.1371700562527045, 1.2382312988898778, 8.0, 1.0]

WORKLOAD-FINISHED | Type: QueryWorkload | Progress: 42/50 | Workload-time: 4.479801 | Model-update-time: 0.000000

ReportEsts: [1.6, 1.0, 1.2432432432432432, 1.25, 3.0, 3.0, 1.4887148304648048, 3.1666666666666665, 1.777027027027027, 1.115078834847675, 1.0, 1.2123974475843209, 1.3870967741935485, 1.0, 1.0, 20.0, 1.0, 1.625, 2.0, 1.0, 4.4, 1.0402010050251256, 62.0, 2.2466666666666666, 1.0122973728339855, 1.0, 1.1730663081169062, 1.2435897435897436, 1.9047619047619047, 1.0526315789473684, 1.064257875392798, 4.2444444444444445, 1.0, 1.0, 1.3488372093023255, 1.0, 1.0, 1.5, 1.0, 2.0, 1.0077984403119375, 1.0, 1.0, 1.10989010989011, 1.0, 1.0, 1.0, 1.3181818181818181, 1.0105263157894737, 1.0]

WORKLOAD-FINISHED | Type: QueryWorkload | Progress: 43/50 | Workload-time: 4.034027 | Model-update-time: 0.000000

ReportEsts: [1.0, 1.0, 1.0, 1.0, 1.0, 1.0, 1.2810539523212046, 71.0, 1.0628500311138769, 1.0, 1.0, 1.0, 1.0, 1.0, 1.3047619047619048, 58.0, 1.1644444444444444, 1.0, 1.0, 1.0, 1.0, 1.4129505192425167, 1.0, 1.393496753973584, 1.2428571428571429, 1.3043478260869565, 1.0277986476333585, 1.0, 1.0943652410047522, 1.0, 1.3800998573466476, 1.0, 1.0198105081826012, 2.0, 1.0202429149797572, 1.17964647991863, 1.3134490238611713, 1.6761082179601168, 1.1211988623933493, 1.3673469387755102, 1.3002991026919242, 1.0, 1.0, 1.125, 60.0, 1.0, 1.0, 39.0, 1.6595744680851063, 1.0]

WORKLOAD-FINISHED | Type: QueryWorkload | Progress: 44/50 | Workload-time: 4.069293 | Model-update-time: 0.000000

WORKLOAD-FINISHED | Type: DataUpdateWorkload | Progress: 45/50 | Workload-time: 3.719107 | Model-update-time: 0.000000

ReportEsts: [1.0, 1.0, 1.0, 1.4, 1.0, 1.0475910693301997, 1.0, 117.0, 6.125, 1.0, 21.0, 40.0, 1.2252641690682036, 1.0, 1.0, 1.0055658627087198, 87.0, 1.1431376745679276, 109.0, 1.1704545454545454, 1.0, 1.9925, 1.2926190891641947, 1.5163934426229508, 1.0, 4.0, 1.4860335195530727, 2.0, 1.1514581373471309, 1.1814940111547956, 1.0392625429351496, 55.0, 1.0, 2.5390625, 1.286977886977887, 1.178365928624738, 1.0, 1.2340425531914894, 1.3333333333333333, 39.0, 1.0, 1.0, 1.5, 1.0, 1.0294117647058822, 1.0, 1.2, 2.0, 3.708108108108108, 1.0]

WORKLOAD-FINISHED | Type: QueryWorkload | Progress: 46/50 | Workload-time: 4.634993 | Model-update-time: 0.000000

ReportEsts: [1.0, 1.186046511627907, 66.0, 1.1, 1.3829113924050633, 1.1002415458937198, 1.0, 216.0, 1.096774193548387, 6.0, 677.0, 1.0, 1.0, 1.103450847529858, 1.0, 2.0, 125.0, 1.514428263214671, 2.1574375678610207, 1.0, 1.0589564038852497, 1.0, 1.0, 1.3333333333333333, 1.0, 1.0, 1.3571428571428572, 1.0, 1.0, 1.3653846153846154, 1.1428571428571428, 1.0, 1.2, 1.2428571428571429, 1.0724637681159421, 1.0, 10.0, 1.0, 1.0381589894864232, 1.187742899850523, 1.0, 2.0, 1.0, 12.0, 44.0, 1.0, 1.0, 1.0, 1.0, 2.2222222222222223]

WORKLOAD-FINISHED | Type: QueryWorkload | Progress: 47/50 | Workload-time: 4.003761 | Model-update-time: 0.000000

ReportEsts: [1.1104967367657723, 1.4, 1.0, 1.1968465165007858, 1.0, 1.0, 1.080168776371308, 2.2181323662737986, 1.0, 1.0, 1.3284762735174882, 2.0, 30.6, 1.1287659925711928, 1.6285714285714286, 82.0, 1.0952380952380953, 2.0, 1.2102693602693602, 30.852589641434264, 1.3577981651376148, 26.0, 1.1152304609218437, 1.2169144569900714, 1.8, 1.1990740740740742, 1.0, 1.0, 1.0, 1.0, 1.0970873786407767, 1.0, 1.0, 1.0, 3.2857142857142856, 1.0, 2.0, 1.2228682170542635, 1.0, 1.6282411746329273, 69.0, 1.0, 19.0, 1.0, 1.1300623052959502, 1.0, 1.0, 1.0, 1.0, 1.0]

WORKLOAD-FINISHED | Type: QueryWorkload | Progress: 48/50 | Workload-time: 3.983781 | Model-update-time: 0.000000

ReportEsts: [1.1973967599962543, 3.2793296089385473, 2.160933090415461, 27.0, 1.0, 1.0, 1.0, 1.0, 1.1137599636670144, 1.0, 2.0, 3.7142857142857144, 3.0, 2.0, 1.037037037037037, 2.321311475409836, 1.1875, 22.708333333333332, 1.054197229013855, 2.0, 1.0, 1.0, 1.0450126035289882, 13.0, 1.0, 2.1176470588235294, 2.198675496688742, 1.0, 1.0, 1.0, 2.0, 2.0, 1.0, 1.0, 1.0, 1.0, 114.0, 2.7777777777777777, 1.0729427855026215, 1.3269370021723388, 1.6428571428571428, 1.9333333333333333, 1.0, 6.0, 1.1710297455853307, 1.5434782608695652, 1.0, 1.0, 1.6902040816326531, 1.5]

WORKLOAD-FINISHED | Type: QueryWorkload | Progress: 49/50 | Workload-time: 4.007684 | Model-update-time: 0.000000

ReportEsts: [5.461538461538462, 1.625, 1.0, 1.0662251655629138, 1.0, 1.0300037300434965, 1.0, 1.0, 2.5632716049382718, 2.25, 78.0, 1.125, 1.0, 2.3661971830985915, 1.0, 1.4439746300211416, 1.1200951248513675, 74.0, 1.0, 1.0, 1.4294478527607362, 1.1419354838709677, 81.5, 1.0, 1.3333333333333333, 1.0, 1.6, 1.2258383216132969, 1.0, 1.0, 1.1724906028121955, 1.0, 1.5450106805004578, 1.1955109273479032, 1.3341503267973855, 103.0, 1.0, 1.7053399099292301, 1.0, 1.160535117056856, 1.0, 2.3333333333333335, 1.0, 1.0184470693760181, 1.052778818533783, 1.3022670025188916, 1.0, 75.0, 44.666666666666664, 39.0]

WORKLOAD-FINISHED | Type: QueryWorkload | Progress: 50/50 | Workload-time: 4.015579 | Model-update-time: 0.000000

Experiment Summary: #drift=0 | total-time=198.214944




Sum of Model-update-time = 0.0000
ReportEsts -> max: 1746.0000	99th: 132.1100	95th: 46.0500	median: 1.1297	mean: 10.0028
