Input arguments = Namespace(data_update='single', dataset='forest', debug=False, drift_test='ddup', model_update='update', model='naru', random_seed=42, num_workload=50)

WORKLOAD-FINISHED | Type: DataUpdateWorkload | Progress: 1/50 | Workload-time: 6.380554 | Model-update-time: 10.137264

ReportEsts: [2.0, 1.0, 7.555555555555555, 51.0, 1.2374939290917921, 1.4039900249376558, 2.625, 1.3333333333333333, 1.0, 1.0, 1.0, 1.4896783759124088, 3.0, 1.0, 1.0, 1.1363636363636365, 2.25, 1.027003979533826, 1.0, 1.0, 1.1576576576576576, 1.0, 2.235294117647059, 11.6, 1.0, 1.1567357512953367, 2.0, 9.0, 1.013432772575109, 1.0, 1.0, 24.333333333333332, 1.1333333333333333, 1.1332612138889269, 2.0, 1.0, 1.25, 1.0, 2.4448979591836735, 1.0984848484848484, 1.0, 2.0, 1.065040650406504, 10.0, 617.0, 1.4209770114942528, 1.036697247706422, 1.0, 1.2170542635658914, 95.16666666666667]

WORKLOAD-FINISHED | Type: QueryWorkload | Progress: 2/50 | Workload-time: 4.046931 | Model-update-time: 0.000000

ReportEsts: [2.304932735426009, 1.1139240506329113, 16.0, 1.2940340909090908, 1.2, 1.3574144486692015, 1.5, 1.0446927374301676, 2.0, 1.095135135135135, 365.0, 1.0, 1.9411764705882353, 1.0775865373557711, 1.0, 3.381720430107527, 1.0, 1.0, 1.6666666666666667, 1.0028901734104045, 2.0, 1.0, 138.0, 2.0, 92.0, 2.5, 1.0, 11.88888888888889, 1.0, 3.5, 2.652173913043478, 22.0, 87.0, 2.6666666666666665, 1.0, 2.0462962962962963, 1.010837724978013, 1.03931668595175, 1.5555555555555556, 2.09375, 1.0, 1.0, 1.064748201438849, 1.2227994227994228, 161.0, 1.1431535269709543, 1.0, 1.391025641025641, 1.4761904761904763, 1.0]

WORKLOAD-FINISHED | Type: QueryWorkload | Progress: 3/50 | Workload-time: 3.973294 | Model-update-time: 0.000000

WORKLOAD-FINISHED | Type: DataUpdateWorkload | Progress: 4/50 | Workload-time: 6.392298 | Model-update-time: 10.213189

ReportEsts: [1.3571428571428572, 1.291927409261577, 1.0, 1.0, 1.3524392506028566, 1.0, 273.0, 1.4364640883977902, 1.0, 1.5, 1.0097560975609756, 1.1859154184089344, 1.0, 1.0625, 1.0, 1.0785714285714285, 1.05, 1.0, 1.5526315789473684, 1.127659574468085, 1.0, 1.0, 5.0, 1.0, 1.18, 1.0, 1.2, 1.0, 1.0, 4.0, 1.0, 1.6, 1.0, 1.0, 1.0, 1.0, 12.0, 1.0, 3.0, 1.0000247598296523, 1.0, 1.0, 1.0, 21.56, 1.0, 1.0, 7.0, 1.0, 53.0, 1.0]

WORKLOAD-FINISHED | Type: QueryWorkload | Progress: 5/50 | Workload-time: 4.008754 | Model-update-time: 0.000000

ReportEsts: [1.96, 4.0, 1.1247592960959891, 1.0, 1.3076923076923077, 1.431608820018469, 8.536585365853659, 1.0, 12.666666666666666, 1.625, 1.23719726381956, 3.0, 1.197253113309076, 1.0, 2.0, 1.3636363636363635, 143.0, 1.1524433025596503, 1.1430151520032645, 1.0, 1.0, 1.0, 40.5, 1.0372504630582424, 1.0, 536.8181818181819, 1.0, 4.0, 52.0, 1.5, 1.0, 1.0, 1.0, 2.0, 2.0, 1.0452723414289082, 1.0, 1.5, 2.303030303030303, 99.0, 2.0, 1.0, 1.0, 13.0, 1.0, 1.1482381530984205, 1.0, 1.1686746987951808, 1.0, 1.0]

WORKLOAD-FINISHED | Type: QueryWorkload | Progress: 6/50 | Workload-time: 4.058624 | Model-update-time: 0.000000

ReportEsts: [1.0, 1.0, 1.0384387936132466, 1.2857142857142858, 1.0686910825604379, 2.0, 1.0, 1.154649840545139, 3.0, 1.0, 3.0, 1.59375, 1.0, 1.5517241379310345, 1.0635696821515892, 2.8620689655172415, 1.3333333333333333, 1.2272727272727273, 1.0, 3.0, 1.0, 1.15886563876652, 1.0, 1.259113431989189, 2.0, 2.022222222222222, 3.8, 2.0, 66.0, 1.0, 1.0, 2.0, 1.7142857142857142, 1.5067658392329062, 1.0, 1.0172413793103448, 3.0, 1.0, 8.0, 1.0, 1.0, 1.7781456953642385, 1.0, 2.5, 1.0, 1.7692307692307692, 2.0, 1.0845200665803587, 1.0, 1.0]

WORKLOAD-FINISHED | Type: QueryWorkload | Progress: 7/50 | Workload-time: 4.036786 | Model-update-time: 0.000000

ReportEsts: [42.0, 3.0, 1.7894736842105263, 10.0, 1.0, 4.0, 1.0, 2.0, 1.2, 44.5, 50.0, 1.0, 1.0, 37.0, 1.0, 7.666666666666667, 3.0, 1.0, 1.0, 1.1666666666666667, 1.1538461538461537, 2.0, 2.0, 1.1875, 1.069767441860465, 1.0, 1.0, 1.0, 1.0, 1.0, 16.636363636363637, 1.273972602739726, 1.1428571428571428, 166.0, 1.06, 1.0, 1.0, 1.2180360114994704, 1.5, 393.2, 1.248025078369906, 9.0, 1.0, 1.0, 1.0, 1.108331581528975, 1.0, 4.53125, 1.2, 1.0]

WORKLOAD-FINISHED | Type: QueryWorkload | Progress: 8/50 | Workload-time: 4.039184 | Model-update-time: 0.000000

WORKLOAD-FINISHED | Type: DataUpdateWorkload | Progress: 9/50 | Workload-time: 6.332992 | Model-update-time: 10.212771

ReportEsts: [1.0, 3.0, 1.0, 1.0, 1.0, 1.010752688172043, 34.92056074766355, 1.3333333333333333, 1.6043956043956045, 1.0, 1.0253516030582386, 31.333333333333332, 1.0, 1.3333333333333333, 1.14, 1.0, 54, 1.0, 1.34375, 3, 104.0, 1.0, 1.4242424242424243, 1.0, 1.1915584415584415, 1.1841508116599755, 1.2233760453947002, 1.5, 1.1, 1.0, 1.2222222222222223, 1.0714285714285714, 1.0367876245815215, 1.125, 1.2788153871678793, 1.0, 1.0, 1.0, 1.0, 2681.0, 125.0, 1.0, 166.6734693877551, 1.0, 3.0, 22.0, 1.072289156626506, 1.0753198514238547, 1.0, 5.461538461538462]

WORKLOAD-FINISHED | Type: QueryWorkload | Progress: 10/50 | Workload-time: 4.072638 | Model-update-time: 0.000000

WORKLOAD-FINISHED | Type: DataUpdateWorkload | Progress: 11/50 | Workload-time: 6.373632 | Model-update-time: 10.172757

WORKLOAD-FINISHED | Type: DataUpdateWorkload | Progress: 12/50 | Workload-time: 6.419625 | Model-update-time: 10.174533

WORKLOAD-FINISHED | Type: DataUpdateWorkload | Progress: 13/50 | Workload-time: 6.426107 | Model-update-time: 10.199994

ReportEsts: [1.3333333333333333, 1.1408279305931475, 1.0, 1.0721332870911215, 13, 1.0, 1.3179215270413573, 1.0, 1.5, 77.0, 1.1862699758491342, 133.0, 1.25, 1.5, 5.827586206896552, 1.0, 2.2857142857142856, 1.5055096418732783, 1.0, 1.2421940928270043, 1.0, 1.1224317697695843, 1.0, 1.2, 1.0, 2.0, 1.3802395209580838, 1.0, 3.0, 1.0503629764065336, 1.3746312684365782, 1.316828386605784, 2.0, 1.826086956521739, 3.775757575757576, 1.0, 1.318729538403524, 1.0, 4.0, 1.0, 4.0, 1.403225806451613, 1.0, 1.1362126245847175, 3.064516129032258, 1.0, 1.0, 46.53333333333333, 1.0, 1.0]

WORKLOAD-FINISHED | Type: QueryWorkload | Progress: 14/50 | Workload-time: 4.060187 | Model-update-time: 0.000000

WORKLOAD-FINISHED | Type: DataUpdateWorkload | Progress: 15/50 | Workload-time: 6.418104 | Model-update-time: 10.210570

ReportEsts: [2.0, 1.0, 1.04492669473073, 1.8174204355108878, 1.3379442843419789, 1.38909426987061, 1.2173319560244964, 1.3414634146341464, 1.0, 5.25, 1.0, 1.3928571428571428, 1.0, 1.3636363636363635, 1.1607142857142858, 108.0, 1.0, 1.263157894736842, 4.25, 1.358792184724689, 3.25, 1.0, 1.0, 2.2017167381974247, 1.7875, 1.0, 1.0, 2.0, 1.343385214007782, 1.3837209302325582, 1.0, 1.5, 1.4085106382978723, 1.0, 5, 1.4444444444444444, 1.25, 1.0, 1.0, 70.0, 1.5635036496350365, 1.0, 1.0, 1.0, 1.0, 1.0, 725.0, 1.1303030303030304, 1.180064308681672, 1.8]

WORKLOAD-FINISHED | Type: QueryWorkload | Progress: 16/50 | Workload-time: 4.071323 | Model-update-time: 0.000000

ReportEsts: [1.105726872246696, 1.1428571428571428, 1.1367292225201073, 1.89247311827957, 1.0, 1.3529411764705883, 1.7424242424242424, 1.0203915171288744, 1.2179487179487178, 27.0, 1.0, 2.0, 37.0, 1.5, 1.9303482587064678, 1.3333333333333333, 1.0, 1.0, 3.0, 1.0666666666666667, 1.1875, 19.0, 1.1715749039692702, 94.0, 1.3333333333333333, 1.0, 4.0, 1.0499615680245964, 1.1640877671380556, 1.0, 1.0, 1.0, 1.0, 1.5, 1.0, 1.0, 1.0, 1.0, 1.0, 1.0336356764928194, 1.0003027500487303, 2.0, 1.0, 1.6412213740458015, 1.2210526315789474, 1.0, 1.0, 1.0, 1.0, 1.096494272821937]

WORKLOAD-FINISHED | Type: QueryWorkload | Progress: 17/50 | Workload-time: 4.060221 | Model-update-time: 0.000000

ReportEsts: [1.368421052631579, 4.220338983050848, 1.0, 1.0, 1.0, 1.0, 2.809798270893372, 1.0, 1.0, 1.0, 1.0, 1.0, 1.3846153846153846, 1.0, 1.0, 56.0, 1.0163934426229508, 24.0, 2.4545454545454546, 1.0, 1.0, 1.0, 6.714285714285714, 1.0, 1.4524495677233429, 1.0, 1.0, 1.0, 1.2835820895522387, 1.0, 1.0, 4.0, 1.0252004581901488, 1.0, 1.0, 1.2026239067055393, 1.0, 1.608695652173913, 1.2238805970149254, 1.31932723166528, 2.0, 1.1134751773049645, 14.168067226890756, 1.125, 1.0, 1.0491803278688525, 1.119469235491335, 1.5333333333333334, 4.0, 49.0]

WORKLOAD-FINISHED | Type: QueryWorkload | Progress: 18/50 | Workload-time: 4.004180 | Model-update-time: 0.000000

ReportEsts: [12.0, 1.0560602128211782, 2.0, 8.318428184281842, 1.0, 1.0, 1.288022272372556, 1.0, 71.0, 5.892857142857143, 1.0, 42.0, 1.0, 1.076086956521739, 1.3333333333333333, 1.35, 4.0, 1.0, 1.0, 1.0, 1.0, 3.0, 5.0, 1.0, 1.1598639455782314, 1.2222222222222223, 4.0, 66.0, 8.0, 1.5494505494505495, 2.6666666666666665, 1.0, 1.4180050718512256, 1.0, 1.0, 1.0, 1.0, 1.1159107271418287, 1.0, 1.0, 20.0, 1.3454545454545455, 21.0, 1.0, 1.0, 1.0, 1.5, 1.3181818181818181, 1.0, 1.0]

WORKLOAD-FINISHED | Type: QueryWorkload | Progress: 19/50 | Workload-time: 4.045913 | Model-update-time: 0.000000

ReportEsts: [1.0, 1.6708613582121936, 1.6666666666666667, 1.0, 2.1818181818181817, 1.3384615384615384, 1.0, 1.0, 1.0, 4.0, 1.0, 1.4507697815968492, 1.0061578737871868, 1.0, 12.076923076923077, 1.0, 1.7126696832579185, 1.0, 1.345159655347187, 1.0, 1.6666666666666667, 1.0, 1.0, 1.0, 1.0, 105.0, 1.049797122832903, 1.0, 7.0, 1.0, 1.6371014492753624, 1.0, 20.333333333333332, 1.3, 1.1764705882352942, 1.0, 1.18, 2.0, 1.0958677685950413, 1.4426719840478563, 1.6221628838451267, 1.0, 1.0, 1.0, 1.0, 2.1666666666666665, 2.133522727272727, 1.3611111111111112, 1.0, 1.0]

WORKLOAD-FINISHED | Type: QueryWorkload | Progress: 20/50 | Workload-time: 3.975198 | Model-update-time: 0.000000

ReportEsts: [1.0, 1.1403508771929824, 1.3889037791476815, 1.25, 1.0, 1.0303030303030303, 1.0, 3.721448467966574, 1.0, 53.0, 1.5074780814853017, 1.3710775047258978, 2.3991228070175437, 1.4034725093013642, 1.1079136690647482, 14.0, 4.928571428571429, 1.0, 1.0, 1.1347667017491103, 137.0, 35.85, 1.0592734225621414, 1.0, 8.0, 4.0, 1.0, 1.0182282098387425, 1.0215351563070898, 1.0851528384279476, 2.5, 1.3333333333333333, 1.2307692307692308, 1.0, 1.0, 1.0769230769230769, 1.0, 2.0, 1.0385071917329982, 223.33333333333334, 1.4518716577540107, 1.2432432432432432, 1.2, 1.0, 1.2780020791528661, 1.0, 1.0, 1.2, 1.0, 1.0]

WORKLOAD-FINISHED | Type: QueryWorkload | Progress: 21/50 | Workload-time: 4.038045 | Model-update-time: 0.000000

WORKLOAD-FINISHED | Type: DataUpdateWorkload | Progress: 22/50 | Workload-time: 6.418610 | Model-update-time: 10.244582

WORKLOAD-FINISHED | Type: DataUpdateWorkload | Progress: 23/50 | Workload-time: 6.436529 | Model-update-time: 10.197547

ReportEsts: [139.0, 1.0, 1.0, 1.0, 1.0, 1.5357142857142858, 1.6666666666666667, 1.05, 1.049095607235142, 1.0, 2.0, 3.4, 50.0, 1.0, 1.1103417088267715, 1.1709180452077284, 1.0807270290644106, 1.0463502031500984, 1.0, 5.0, 1.0, 1.4285714285714286, 3.7680623973727423, 1.0, 2.0, 1.065217391304348, 1.0, 1.0, 1.2903225806451613, 1.0, 1.3542435424354244, 1.0, 2.0, 3.4722222222222223, 1.0733604545719253, 1.0, 1.0, 1.0, 1.0, 2.0, 1.0, 1.3076923076923077, 1.0, 1.0, 1.0, 1.0, 74.0, 1.0, 1.29375, 1.0886491557223263]

WORKLOAD-FINISHED | Type: QueryWorkload | Progress: 24/50 | Workload-time: 4.104815 | Model-update-time: 0.000000

WORKLOAD-FINISHED | Type: DataUpdateWorkload | Progress: 25/50 | Workload-time: 6.465993 | Model-update-time: 10.247995

ReportEsts: [2.0, 1.08712236801953, 1.5, 42.25, 2.468155500413565, 1.2790697674418605, 3.0, 1.0728824688115561, 1.0, 163.0, 1.0, 1.0, 2.0, 18.0, 1.0, 1.0, 1.0, 25.0, 1.0, 1.0, 2.4285714285714284, 1.4951766392908357, 2.375, 1.0, 2.181159420289855, 1.0, 2.108048511576626, 2.0, 17.0, 1.284269363854139, 1.0, 72.6, 1.5789473684210527, 200.31034482758622, 1.0, 1.027027027027027, 1.1538461538461537, 1.3098765432098765, 1.3917874396135266, 1.0, 2.334337848130609, 12.5, 1.6875, 1.0, 1.348530579825258, 1.0, 1.356115107913669, 30.0, 2.018716577540107, 1.060005758560671]

WORKLOAD-FINISHED | Type: QueryWorkload | Progress: 26/50 | Workload-time: 4.074565 | Model-update-time: 0.000000

WORKLOAD-FINISHED | Type: DataUpdateWorkload | Progress: 27/50 | Workload-time: 6.471623 | Model-update-time: 10.227504

WORKLOAD-FINISHED | Type: DataUpdateWorkload | Progress: 28/50 | Workload-time: 6.501728 | Model-update-time: 10.252897

WORKLOAD-FINISHED | Type: DataUpdateWorkload | Progress: 29/50 | Workload-time: 6.514846 | Model-update-time: 10.681224

WORKLOAD-FINISHED | Type: DataUpdateWorkload | Progress: 30/50 | Workload-time: 6.618001 | Model-update-time: 10.334274

ReportEsts: [27.0, 1.0, 1.0, 1.4285714285714286, 1.5454545454545454, 1.0, 5.3428571428571425, 1.0, 251.9516129032258, 1.0, 1.0, 10.5, 45.0, 1.0, 55.0, 1.3076288659793815, 1.0, 1.0, 18.0, 1.2197905477980666, 16.0, 1.0107395584701984, 1.0, 16.714285714285715, 1.0, 1.0, 1.5822784810126582, 1.0491803278688525, 1.0, 1.289237668161435, 1.0, 1.2394366197183098, 1.4545454545454546, 1.6170212765957446, 2.9369202226345084, 17.0, 4.0, 1.0, 1.6666666666666667, 144.0, 1.34375, 1.0210526315789474, 1.0, 6.041666666666667, 1.3452380952380953, 1.0, 1.0, 1.6666666666666667, 1.0601630587573798, 54.0]

WORKLOAD-FINISHED | Type: QueryWorkload | Progress: 31/50 | Workload-time: 4.141949 | Model-update-time: 0.000000

ReportEsts: [1.0, 1.0, 1.2075471698113207, 1.0, 42, 1.2127659574468086, 39.2, 8.0, 1.0, 1.0, 2.2, 1.0, 1.0, 1.0, 1.1079779041354472, 1.0, 2.2931937172774868, 2.0, 1.5688622754491017, 1.0, 1.0, 43.0, 1.0, 1.375, 1.5294117647058822, 1.125, 1.1081081081081081, 1.0775919630160098, 1.8216140350877192, 1.25, 24.444444444444443, 1.6, 1.0, 1.155739629095543, 1.2377049180327868, 1.0, 1.4349315068493151, 1.2901042226281294, 2.857142857142857, 1.0, 1.6666666666666667, 2.0, 4.5, 29.0, 1.6307692307692307, 1.1355932203389831, 1.1132075471698113, 2.1079136690647484, 1.0, 1.0]

WORKLOAD-FINISHED | Type: QueryWorkload | Progress: 32/50 | Workload-time: 4.113888 | Model-update-time: 0.000000

ReportEsts: [1.0, 1.7538461538461538, 2.411764705882353, 1.0, 1.0, 1.0, 1.0, 1.3333333333333333, 1.4137931034482758, 87.0, 1.0, 1.0494676655434756, 1.1666666666666667, 2.3384615384615386, 1.0, 1.0, 1.0, 2.8538486826656646, 1.0, 1.0858433734939759, 1.4285714285714286, 1.9411764705882353, 1.0, 43.0, 1.0, 1.2256329113924052, 1.0, 1.4, 4.0, 2.611111111111111, 1.7049180327868851, 1.0, 1.2666666666666666, 1.0699254987369302, 60.0, 1.0, 3.0, 1.1237113402061856, 2.0, 1.0, 1.0, 1.0882557331480194, 1.0, 1.0, 33.375, 1.0, 34.0, 1.1994362226920365, 1.0, 1.374401095140315]

WORKLOAD-FINISHED | Type: QueryWorkload | Progress: 33/50 | Workload-time: 3.985121 | Model-update-time: 0.000000

WORKLOAD-FINISHED | Type: DataUpdateWorkload | Progress: 34/50 | Workload-time: 6.633472 | Model-update-time: 10.482583

ReportEsts: [1.0, 1.251840942562592, 1.0, 1.7577639751552796, 1.1468531468531469, 1.0, 2.0, 194.0, 1.399092970521542, 5.0, 2.0, 1.5, 1.2625725338491296, 30.0, 108.0, 502.0, 3.2371134020618557, 11.0, 2.0, 1.0, 1.0, 1.5050345809601302, 1.1311134235171696, 1.0, 1.0, 3.8442622950819674, 3.0, 1.2282963238679216, 1.0, 1.3924440139039262, 48.80612244897959, 1.2352941176470589, 1.306358033607781, 1.0, 1.4767025089605734, 1.0, 1.3846153846153846, 1.0, 3.0, 1.3333333333333333, 1.3285101822079315, 1.0, 2.0, 1.0, 1.0, 1.0, 1.2990254908549757, 1.0, 51.0, 1.0]

WORKLOAD-FINISHED | Type: QueryWorkload | Progress: 35/50 | Workload-time: 4.208158 | Model-update-time: 0.000000

ReportEsts: [1.0, 40.0, 1.0, 1.0, 28.0, 1.6476946834326054, 1.4047619047619047, 1.0, 1.0, 1.4555555555555555, 10.341935483870968, 1.0, 1.0, 7.588235294117647, 2.0, 1.0, 1.5582822085889572, 1.6153846153846154, 2.0309623430962342, 1.0, 1.3870967741935485, 1.0, 42.0, 1.0, 1.0, 2.0, 1.41, 1.2490729295426453, 1.3333333333333333, 1.0, 80.0, 2.0, 1.0, 1.5301624129930393, 1.0, 1.0, 1.1848729497747938, 1.0, 3.0, 27.0, 1.2837837837837838, 74.0, 3.0, 1.0, 1.5, 2.0, 1.0, 1.0, 1.0, 1.2554347826086956]

WORKLOAD-FINISHED | Type: QueryWorkload | Progress: 36/50 | Workload-time: 4.142382 | Model-update-time: 0.000000

WORKLOAD-FINISHED | Type: DataUpdateWorkload | Progress: 37/50 | Workload-time: 6.599611 | Model-update-time: 10.296982

ReportEsts: [1.0, 1.0, 3.274193548387097, 1.0, 2.0, 1.0, 361.0, 1.0040160642570282, 1.0, 1.0, 1.5, 1.1111111111111112, 1.4210526315789473, 1.0, 1.0, 1.1482848726719879, 1.1724137931034482, 1.1607963246554365, 83.0, 2.0, 9.0, 1.0, 17.857142857142858, 1.0, 1.0769230769230769, 1.0, 1.0, 1.0789473684210527, 1.0, 1.4583333333333333, 2.0, 1.394736842105263, 1.0, 1.0, 101.0, 1.5, 1.0, 1.4450867052023122, 1.0, 1.0, 1.0437365010799136, 1.0, 1.0, 1.375, 18.0, 1.3114754098360655, 2.3300970873786406, 6.666666666666667, 1.0, 1.0]

WORKLOAD-FINISHED | Type: QueryWorkload | Progress: 38/50 | Workload-time: 4.101041 | Model-update-time: 0.000000

WORKLOAD-FINISHED | Type: DataUpdateWorkload | Progress: 39/50 | Workload-time: 6.682430 | Model-update-time: 10.304416

ReportEsts: [1.0, 1.0, 1.0, 2.1140350877192984, 1.6363636363636365, 1.099543461854114, 1.3154574132492114, 1.2050698732531686, 1.3287137288869642, 3.5, 1.0, 1.5, 2.5, 2.0, 1.0741287655050207, 3.0, 1.677213611259576, 1.0, 9.0, 1.5535714285714286, 1.0, 52.0, 325.0, 1.0, 1.0, 1.0, 1.55, 1.0, 1.0, 1.1088374184843715, 1.342953245879583, 1.0218579234972678, 1.1937892145183067, 1.072207414586867, 1.0, 1.0, 1.0, 1.671118530884808, 2.4488636363636362, 1.0, 1.234206471494607, 1.0, 1.5990338164251208, 32.0, 2.4444444444444446, 1.0, 1.296116504854369, 1.2, 11.0, 1.0]

WORKLOAD-FINISHED | Type: QueryWorkload | Progress: 40/50 | Workload-time: 4.074827 | Model-update-time: 0.000000

ReportEsts: [11.333333333333334, 1.0, 24.0, 1.2111650485436893, 9.0, 34.0, 1.3619210977701544, 1.0, 1.7826086956521738, 1.0, 5.0, 1.0, 1.4773519163763067, 8.0, 1.0801512287334594, 4.0, 1.0, 3.095890410958904, 1.1111111111111112, 1.0, 1.210909090909091, 127.0, 1.0, 1.008, 1.0, 1.1304347826086956, 1.0, 2.4, 1.0, 1.0, 1.0, 1.1642321449175033, 1.0638436437424592, 2.0, 1.0, 1.5535714285714286, 1.0, 191.0, 1.0, 1.0, 1.254729091139919, 33.0, 1.1846153846153846, 2.0, 2.625, 1.0, 1.3356997971602433, 33.0, 1.0, 1.0]

WORKLOAD-FINISHED | Type: QueryWorkload | Progress: 41/50 | Workload-time: 4.077054 | Model-update-time: 0.000000

ReportEsts: [3.0, 1.1506493506493507, 1.0, 1.0, 1.0, 1.0, 1.1, 1.375, 1.0123839009287925, 1.0, 3.5, 64.0, 1.1047619047619048, 1.6523178807947019, 1.0, 35.5, 1.0, 1.0083507306889352, 1.0, 1.0, 1.0, 1.1430711505614202, 2.8153846153846156, 1.0, 1.8609467455621302, 1.0, 1.64, 1.0, 1.3025751072961373, 1.0, 1.2926829268292683, 1.1363636363636365, 1.0, 2.392857142857143, 8.0, 1.5, 2.673575129533679, 1.0, 1.6724137931034482, 1.0, 1.0, 1.0, 1.1821631878557874, 1.0, 1.0, 1.434782608695652, 71.0, 1.0, 1.2892156862745099, 1.0]

WORKLOAD-FINISHED | Type: QueryWorkload | Progress: 42/50 | Workload-time: 4.031075 | Model-update-time: 0.000000

ReportEsts: [2.0, 1.5179282868525896, 1.0, 2.0, 1.2857142857142858, 9.211764705882352, 1.0, 1.0, 1.0454545454545454, 1.025, 1.1273268801191363, 21.0, 3.0, 1.3529411764705883, 1.096676737160121, 3.0, 1.1420503909643789, 1.1846507051492292, 1.2758620689655173, 1.0458715596330275, 1.598159509202454, 1.620879120879121, 6.0, 1.0448473282442747, 1.0, 44.333333333333336, 2.3768115942028984, 3.0, 1.0, 1.0, 81.0, 21.0, 1.0, 1.0, 1.155037369207773, 1.2195121951219512, 2.0, 1.0, 224.0, 1.0, 40.0, 1.3391915641476275, 1.4342105263157894, 1.0, 1.100438596491228, 1.3096355106459763, 2.0, 1.25, 1.3241106719367588, 1.0]

WORKLOAD-FINISHED | Type: QueryWorkload | Progress: 43/50 | Workload-time: 4.091112 | Model-update-time: 0.000000

ReportEsts: [1.0, 1.0994152046783625, 1.0, 3.0, 1.0, 1.0, 1.0, 1.0, 1.0, 1.4071294559099436, 1.4684684684684686, 2.6, 1.0, 1.0, 1.0, 1.0, 3.0, 2.0, 1.238340206623868, 4.299663299663299, 1.0, 1.0, 1.0, 1.0, 1.651109616677875, 2.095145631067961, 1.0, 2.0, 189.0, 1.0451612903225806, 1.0, 1.0, 1.0, 1.0, 1.05125284738041, 1.7347517730496453, 1.625, 1.0, 1.3343071786310519, 1.0, 1.3266666666666667, 1.1308712483624535, 1.405194805194805, 1.1793451113389595, 3.0, 1.059593023255814, 1.2827808839190629, 1.1132075471698113, 1.0, 81.0]

WORKLOAD-FINISHED | Type: QueryWorkload | Progress: 44/50 | Workload-time: 4.035115 | Model-update-time: 0.000000

WORKLOAD-FINISHED | Type: DataUpdateWorkload | Progress: 45/50 | Workload-time: 6.605815 | Model-update-time: 10.347111

ReportEsts: [1.1066666666666667, 49.0, 1.1666666666666667, 24.0, 7, 2.0, 2.2408376963350785, 1.0909090909090908, 66.0, 67.0, 53.0, 1.0, 1.1176470588235294, 1.5, 14.620689655172415, 1.0, 9.4, 1.2023809523809523, 59.0, 2.6231884057971016, 1.0764670513788779, 2.0, 1.0, 1.6666666666666667, 1.0, 1.0677966101694916, 1.0, 1.25, 1.5, 1.0, 1.3146671074926644, 3.0, 1.0, 1.0, 3.0, 1.0, 1.0, 1.2228846153846153, 2.230769230769231, 1.0, 1.0, 1.0, 1.0536384766672626, 1.5714285714285714, 1.0, 3.411764705882353, 3.0, 1.146808510638298, 1.0, 2.0]

WORKLOAD-FINISHED | Type: QueryWorkload | Progress: 46/50 | Workload-time: 4.071054 | Model-update-time: 0.000000

ReportEsts: [4.078125, 1.2820746132848044, 130.0, 1.0, 1.0, 2.6262975778546713, 1.0, 1.0, 31.428571428571427, 1.0576923076923077, 1.0, 1.0, 1.3970588235294117, 1.0, 1.0, 1.8571428571428572, 1.0, 1.0, 1.0, 1.0, 1.2688219663418956, 2.7884615384615383, 1.0, 1.3142857142857143, 4.0, 1.0, 5.0, 1.0, 1.0, 1.0, 1.0, 1.8888888888888888, 2.6022207707380796, 1.5128205128205128, 1.0, 1.0181493603094318, 1.2592592592592593, 1.0, 11.0, 1.0, 1.0, 1.1304347826086956, 1.0, 1.0, 1.3783783783783783, 2.366533864541833, 2.0, 3.0, 1.0467379385964912, 1.3552123552123552]

WORKLOAD-FINISHED | Type: QueryWorkload | Progress: 47/50 | Workload-time: 4.112219 | Model-update-time: 0.000000

ReportEsts: [1.2275052974313918, 1.0, 1.0, 1.0, 2.12, 1.5961538461538463, 1.0, 1.0655021834061136, 1.0, 1.0, 8.0, 1.0, 1.1954847158208266, 1.034723107654384, 1.1145833333333333, 1.0, 1.25, 1.0726530612244898, 55.0, 1.0, 2.026315789473684, 1.0213523131672597, 2.0, 1.6888888888888889, 3.0, 1.7692307692307692, 1.0, 1.0, 3.0, 1.5995538204127162, 3.717948717948718, 1.0, 1.0, 1.0, 1.0, 1.0, 1.8058833445718139, 1.0, 1.0, 1.0, 1.0, 1.8, 1.1237113402061856, 1.1067513899920571, 2.3333333333333335, 1.0, 1.0, 1.9714285714285715, 1.0009201592359773, 1.099009900990099]

WORKLOAD-FINISHED | Type: QueryWorkload | Progress: 48/50 | Workload-time: 4.093001 | Model-update-time: 0.000000

ReportEsts: [1.2256192498230716, 1.0, 1.0, 1.234375, 1.0, 1.02828409805154, 2.810810810810811, 1.0, 1.0, 1.3275862068965518, 1.1060997561258854, 1.2727272727272727, 1.101516919486581, 1.0, 1.2428954423592493, 2.1818181818181817, 1.0, 1.0, 1.0657894736842106, 27.625, 1.0, 1.0, 1.3610547667342798, 1.0, 1.5475, 1.0, 1.4583333333333333, 1.0, 1.0, 3.0, 1.0, 1.0, 1.0973493215525403, 3.6619135234590616, 2.0, 1.0, 1.0, 1.0, 1.5789473684210527, 4.0, 1.1392225235696758, 1.0, 1.1101321585903083, 1.0, 1.0, 3.076923076923077, 2.0117406840224605, 1.0, 1.0, 4.728915662650603]

WORKLOAD-FINISHED | Type: QueryWorkload | Progress: 49/50 | Workload-time: 4.112587 | Model-update-time: 0.000000

ReportEsts: [1.0, 1.0, 1.6, 3.625, 7.0, 857.0, 1.0, 1.0, 2.4683544303797467, 1.5625, 1.1507216014897579, 11.0, 1.064720983650858, 1.0, 1.0285714285714285, 1.0, 1.2197998570407433, 1.0, 1.0379763048350945, 8.0, 1.3333333333333333, 1.0, 1.6, 1.3333333333333333, 1.0, 10.708333333333334, 2.0, 1.0, 1.0, 1.0, 1.3018867924528301, 1.5185185185185186, 1.0, 1.0, 2.263535031847134, 1.5, 1.1871197480495312, 1.212962962962963, 1.5, 1.0807854507116499, 1.0, 2.6666666666666665, 1.0, 1.0264900662251655, 3.5, 1.0, 1.0, 1.0977881257275903, 1.0, 1.1568627450980393]

WORKLOAD-FINISHED | Type: QueryWorkload | Progress: 50/50 | Workload-time: 4.084822 | Model-update-time: 0.000000

Experiment Summary: #drift=18 | total-time=431.838287




Sum of Model-update-time = 184.9382
ReportEsts -> max: 2681.0000	99th: 191.0300	95th: 44.3417	median: 1.1475	mean: 11.5758
