Input arguments = Namespace(data_update='permute-opt', dataset='forest', debug=False, drift_test='js', model_update='adapt', model='naru', random_seed=42, num_workload=50)

ReportEsts: [1.0, 1.3023419203747073, 1.0, 1.4390243902439024, 2.6666666666666665, 1.0, 1.1197916666666667, 1.0, 1.48, 1.0, 1.1194029850746268, 66.0, 1.0, 2.0, 2.0303030303030303, 1.2027027027027026, 4.0, 22.0, 1.4722222222222223, 1.3650793650793651, 1.0, 134.0, 1.0, 1.0, 1.539240506329114, 1.0, 1.0022647724933087, 4.0, 1.0, 3.5, 1.5, 1.0, 1.0, 1.0, 1.0, 2.0, 1.0, 86.0, 1.0, 1.0, 2.0, 1.0, 2.125, 1.0, 1.5121951219512195, 2.8828451882845187, 1.0, 2.0, 1.0, 1.0]

WORKLOAD-FINISHED | Type: QueryWorkload | Progress: 1/50 | Workload-time: 4.340360 | Model-update-time: 0.000000

Mean JS divergence: 0.0653

WORKLOAD-FINISHED | Type: DataUpdateWorkload | Progress: 2/50 | Workload-time: 3.514840 | Model-update-time: 0.000000

ReportEsts: [1.0, 1.3333333333333333, 1.5, 1.0, 4.294117647058823, 1.0, 1.255143000501756, 4.75, 1.0, 1.0, 1.327950875596998, 1.0, 1.0, 1.0, 1.0, 1.0, 1.0, 1.0, 1.0, 1.0, 1.0, 1.6451612903225807, 2.826530612244898, 1.0, 1.0, 41.0, 1.0, 1.374413145539906, 1.056931271681165, 1.375, 2.0, 1.0, 1.0, 1.0, 1.0, 1.5, 80.0, 1.4285714285714286, 1.0, 1.0, 1.0, 1.0, 64.0, 1.68, 1.0, 1.1851851851851851, 1.2470573345146183, 1.1136363636363635, 1.3571428571428572, 1.0]

WORKLOAD-FINISHED | Type: QueryWorkload | Progress: 3/50 | Workload-time: 4.171757 | Model-update-time: 0.000000

ReportEsts: [1.04, 1.0, 1.5, 1.5, 1.0, 2.0, 1.0, 18, 1.6581939799331105, 3.0, 1.2, 1.22443864229765, 1.0, 19.0, 1.375, 1.187685215673362, 1.3048543689320389, 1.0, 7.4164305949008495, 1.3235294117647058, 1.0, 1.0, 1.1421501931179776, 1.0, 15.0, 1.040394973070018, 1.0, 1.0, 1.0, 1.1666666666666667, 1.2015839375348578, 1.0, 1.7004716981132075, 32.0, 1.0, 6.0, 1.0850340136054422, 1.0622286541244572, 1.0, 2.0, 2.0, 1.0, 2.5, 1.3689567430025444, 1.251847640704946, 1.0, 23.0, 4.0, 1.2777777777777777, 66.0]

WORKLOAD-FINISHED | Type: QueryWorkload | Progress: 4/50 | Workload-time: 4.231442 | Model-update-time: 0.000000

Mean JS divergence: 0.0644

WORKLOAD-FINISHED | Type: DataUpdateWorkload | Progress: 5/50 | Workload-time: 3.559860 | Model-update-time: 0.000000

ReportEsts: [184, 1.0, 1.1526315789473685, 1.2455460883036407, 1.0, 4.0, 1.005772646536412, 1.0, 1.3688888888888888, 1.7164612037708484, 168.0, 1.0, 2.4761904761904763, 1.1538461538461537, 1.0862068965517242, 113.0, 1.7222222222222223, 1.2850877192982457, 1.0, 1.0464901477832513, 3.2666666666666666, 6.0, 1.0, 411.0, 1.7919376742191409, 1.0, 1.5, 34.0, 1.7241379310344827, 1.2286494737687796, 1.0, 1.0, 1.0, 1.0, 1.3035714285714286, 56.0, 1.1666666666666667, 1.1666666666666667, 1.0, 68.5, 1.4927349047465288, 2.353941448021972, 1.0, 1.0, 1.0, 1.0, 1.0, 1.2408874801901744, 1.0, 1.0]

WORKLOAD-FINISHED | Type: QueryWorkload | Progress: 6/50 | Workload-time: 4.144717 | Model-update-time: 0.000000

ReportEsts: [1.0328358208955224, 1.0, 1.0, 1.0, 1.256950294860994, 1.0, 1.0, 1.0, 1.0, 1.0, 1.6453352552313734, 1.0, 1.0, 8.590909090909092, 10.0, 1.6842105263157894, 1.3114477333654908, 1.263157894736842, 1.0, 1.0620689655172413, 1.0, 1.0468227424749164, 1.3452115812917596, 1.0, 1.0286693797855615, 1.0, 17.0, 1.0339264943781168, 1.2339449541284404, 8.0, 1.2461701003697834, 1.0, 1.0, 1.1666666666666667, 82.0, 1.0119049220463014, 1.0, 1.0, 1.3591481122942886, 1.0833333333333333, 1.0, 1.0, 1.0, 1.0789473684210527, 1.1141334517597423, 1.0, 1.0, 2.0, 1.0368388128171266, 1.4081294831708664]

WORKLOAD-FINISHED | Type: QueryWorkload | Progress: 7/50 | Workload-time: 4.140886 | Model-update-time: 0.000000

ReportEsts: [1.0426863972680707, 1.0325546345139411, 1.0, 1.0, 1.5357142857142858, 20.0, 1.0, 59.0, 1.0, 2.6640093655925967, 1.2198424233152299, 1.5, 3.0, 1.057415776499589, 1.0, 1.251733703190014, 1.5, 1.1959453728051574, 52.0, 1.0, 13.0, 1.0, 1.0, 1.0, 1.0, 1.0, 1.1525392342947085, 1.0, 1.0, 2.142857142857143, 65.0, 1.4826113483831604, 1.0, 1.0008351893095768, 4.495575221238938, 1.3793103448275863, 1.5, 1.1214818179940942, 1.0, 1.0, 1.105263157894737, 87.0, 1.2604651162790699, 1.0, 2.0, 2.0, 3.0, 1.0, 1.2727272727272727, 1.5]

WORKLOAD-FINISHED | Type: QueryWorkload | Progress: 8/50 | Workload-time: 4.115815 | Model-update-time: 0.000000

ReportEsts: [1.5, 1.0, 1.0, 3.1447852760736197, 1.0, 1.0, 1.1294127190136276, 10.0, 1.4692556634304208, 1.0, 1.0224252491694352, 1.203359271208958, 61, 1.0, 1.1981981981981982, 4.0, 1.2244389027431422, 1.0, 1.0, 1.0, 75.5, 1.0, 1.0, 1.5, 1.2110091743119267, 1.0526040248780182, 1.0, 2.1666666666666665, 1.0, 1.1546762589928057, 1.3125, 1.0, 1.875, 1.1666666666666667, 217.0, 6.0, 2.0, 1.0, 3.0, 1.0, 1.8414634146341464, 1.1937808621379955, 1.498711943793911, 1.0, 1.0, 1.0301204819277108, 1.4516129032258065, 1.4787234042553192, 1.1666966696669667, 1.1268758756900015]

WORKLOAD-FINISHED | Type: QueryWorkload | Progress: 9/50 | Workload-time: 4.044517 | Model-update-time: 0.000000

Mean JS divergence: 0.0646

WORKLOAD-FINISHED | Type: DataUpdateWorkload | Progress: 10/50 | Workload-time: 3.423062 | Model-update-time: 0.000000

ReportEsts: [1.2, 1.0, 1.6666666666666667, 1.7777777777777777, 3.3524399690162663, 1.6666666666666667, 1.5238095238095237, 1.0, 1.116356324853571, 2.3974358974358974, 2.0, 1.194300518134715, 1.7647058823529411, 37.0, 1.118279569892473, 2.0, 1.1068702290076335, 1.3333333333333333, 1.3333333333333333, 1.0, 2.0, 125.0, 41.09090909090909, 1.151969981238274, 1.0, 1.5, 116, 1.0010835225995771, 1.0, 1.0, 1.5559143439836847, 1.2294819867832019, 42.5, 1.3013721006207122, 1.5714285714285714, 1.0, 1.0, 1.6666666666666667, 1.0, 1.5227272727272727, 1.3121140454605176, 2.0, 1.0, 1.0, 1.1988069384501197, 3.0, 90.0, 2.8222222222222224, 1.010497109585868, 1.271153846153846]

WORKLOAD-FINISHED | Type: QueryWorkload | Progress: 11/50 | Workload-time: 4.219444 | Model-update-time: 0.000000

Mean JS divergence: 0.0639

WORKLOAD-FINISHED | Type: DataUpdateWorkload | Progress: 12/50 | Workload-time: 3.544935 | Model-update-time: 0.000000

Mean JS divergence: 0.0647

WORKLOAD-FINISHED | Type: DataUpdateWorkload | Progress: 13/50 | Workload-time: 3.544369 | Model-update-time: 0.000000

Mean JS divergence: 0.0639

WORKLOAD-FINISHED | Type: DataUpdateWorkload | Progress: 14/50 | Workload-time: 3.426668 | Model-update-time: 0.000000

ReportEsts: [4.666666666666667, 1.9, 1.166652441834662, 1.0, 1.0, 3.0, 6.317460317460317, 1.25, 23.0, 3.0, 1.0, 108.0, 1.1636363636363636, 1.1670667606108032, 31.0, 1.0, 47.0, 1.2321254626923825, 1.0, 1.0, 1.0, 1.0, 2.409090909090909, 1.0, 17.5, 1.0, 1.6842105263157894, 1.28, 1.144578313253012, 1.0, 3.0, 5.0, 2.0, 1.0, 73.0, 1.0, 1.1751586294416243, 1.0, 2.102272727272727, 1.0941828254847645, 161.0, 7.925925925925926, 153.0, 1.619047619047619, 1.3125, 1.0059055118110236, 32.0, 1.3155709342560553, 1.0, 1.9807692307692308]

WORKLOAD-FINISHED | Type: QueryWorkload | Progress: 15/50 | Workload-time: 4.066313 | Model-update-time: 0.000000

Mean JS divergence: 0.0646

WORKLOAD-FINISHED | Type: DataUpdateWorkload | Progress: 16/50 | Workload-time: 3.588500 | Model-update-time: 0.000000

ReportEsts: [1.0, 214.0, 1.0, 55.0, 1.336081664703573, 2.2329749103942653, 1.3, 1.0, 1.0, 1.1346153846153846, 1.2365591397849462, 1.0, 14.0, 1.067170445004198, 1.5678807947019868, 1.0, 1.0, 1.0, 2.6666666666666665, 1.0, 1.246010120669521, 1.0, 1.0, 1.0, 1.2246422893481717, 1.1992269852424455, 8.197166469893743, 1.2077817242492734, 1.3780564263322883, 1.408450704225352, 1.3076923076923077, 1.0, 1.2857142857142858, 69.75, 1.1798881078754841, 1.6428571428571428, 1.3333333333333333, 1.75, 1.0, 1.0, 1.1054771733103321, 1.0, 1.0, 1.175, 1.0, 1.0, 1.0, 13.5, 1.0, 1.0]

WORKLOAD-FINISHED | Type: QueryWorkload | Progress: 17/50 | Workload-time: 4.143626 | Model-update-time: 0.000000

ReportEsts: [1.8205424120023082, 1.0, 1.0, 1.3, 1.303030303030303, 1.0, 1.0, 1.1698855507868384, 1.175, 1.0, 1.7247191011235956, 2.0, 1.6875, 118.66666666666667, 207.0, 1.353788353162179, 1.0, 1.9333333333333333, 1.0, 2.0, 1.6666666666666667, 1.319327731092437, 1.141520457242235, 1.0, 713.0, 1.0, 38.0, 1.0, 1.0, 50.0, 1.0, 1.0, 1.2112676056338028, 1.0, 1.0, 1.0, 1.492131616595136, 1.5, 2.5636363636363635, 2.043010752688172, 1.0, 1.0, 1.0585365853658537, 1.0, 1.0476190476190477, 1.5147270114942528, 1.0, 3, 4.375, 1.0]

WORKLOAD-FINISHED | Type: QueryWorkload | Progress: 18/50 | Workload-time: 4.301914 | Model-update-time: 0.000000

ReportEsts: [1.1159388162270008, 1.6, 1.0953271028037384, 19.0, 2.7578828828828827, 3.0, 10.5, 1.0, 578.0, 1.0, 26, 1.0350384560067392, 1.6666666666666667, 1.8225806451612903, 1.0, 1.0, 1.0, 109.33333333333333, 1.03125, 1.0, 1.0, 1.0, 2.2, 13.0, 1.173427020121367, 1.0, 2.375, 1.0, 1.0, 1.019730010384216, 76.0, 1.0, 1.0, 1.0, 1.0, 2.7088607594936707, 1.0, 1.0, 1.0329830040237824, 1.4142857142857144, 1.0, 40.26315789473684, 1.5, 1.0, 2.5, 1.0, 1.0, 1.2732254257292193, 1.0, 1.0]

WORKLOAD-FINISHED | Type: QueryWorkload | Progress: 19/50 | Workload-time: 4.146565 | Model-update-time: 0.000000

ReportEsts: [1.0, 1.1666666666666667, 633.0, 1.0, 1.6, 2.0, 1.0410958904109588, 1.0, 1.0, 1.1916167664670658, 1.1740842297686844, 1.0, 1.1581792318634423, 1.3124257911310722, 35.0, 3.0142857142857142, 1.491192064306482, 1.0, 1.0, 14.0, 1.082302900395204, 1.4366197183098592, 1.0, 1.0, 1.0, 1.0, 1741.0, 1.0666666666666667, 1.3406916850625459, 1.0, 1.051451958682518, 1.4684684684684686, 1.0, 1.0, 1.0, 2.466666666666667, 1.5, 2.0, 1.1845764854614411, 7.0, 1.8306878306878307, 52, 1.0, 4.5, 1.0, 1.0, 1.0, 1.0, 1.0, 1.4323932092004381]

WORKLOAD-FINISHED | Type: QueryWorkload | Progress: 20/50 | Workload-time: 4.229673 | Model-update-time: 0.000000

ReportEsts: [1.0, 1.0, 4.982744453574363, 1.0, 1.6, 1.2534246575342465, 1.2737368652866041, 3.0, 2.1817480223808605, 1.0, 2.0, 470.1290322580645, 1.544496487119438, 1.25, 1.0, 1.200716845878136, 7.714285714285714, 95.0, 1.3300970873786409, 43.5, 1.181739645972728, 1.75, 1.0, 1.0, 1.0, 4.549019607843137, 1.0, 1.0, 1.8571428571428572, 27.0, 36.0, 1.7624750499001995, 57.0, 1.6666666666666667, 26.0, 1.0, 1.0, 1.1130511985794613, 1.0, 1.232394366197183, 1.0, 1.0223406329196179, 1.5, 3.1666666666666665, 1.0, 1.125, 1.2921716344579102, 1.1668399584099816, 7.0, 1.0]

WORKLOAD-FINISHED | Type: QueryWorkload | Progress: 21/50 | Workload-time: 4.002721 | Model-update-time: 0.000000

ReportEsts: [1.0, 5.0, 1.107936507936508, 1.032, 1.289301310043668, 1.5793103448275863, 1.0, 1.0, 2.0, 32.0, 1.0, 1.0, 3.0, 1.0, 1.6666666666666667, 1.026294498381877, 1.1137724550898203, 1.1823537864635723, 1.0, 1.9, 1.0, 1.0, 1.0, 1.0, 1.0, 47.0, 1.3469457789979409, 16.0, 1.0, 1.0, 36.0, 1.0, 2.3333333333333335, 1.0, 1.0, 99.0, 191.0, 28.25, 1.0, 6.333333333333333, 1.32, 1.2720720720720722, 1.8985507246376812, 1.3333333333333333, 1.102796052631579, 1.2277227722772277, 1.3768115942028984, 1.0, 1.0, 1.0]

WORKLOAD-FINISHED | Type: QueryWorkload | Progress: 22/50 | Workload-time: 4.005126 | Model-update-time: 0.000000

Mean JS divergence: 0.0646

WORKLOAD-FINISHED | Type: DataUpdateWorkload | Progress: 23/50 | Workload-time: 3.455491 | Model-update-time: 0.000000

Mean JS divergence: 0.0652

WORKLOAD-FINISHED | Type: DataUpdateWorkload | Progress: 24/50 | Workload-time: 3.581465 | Model-update-time: 0.000000

ReportEsts: [2.8545574202040145, 1.2576985413290114, 1.0, 1.6662162162162162, 1.0, 47.0, 1.0571428571428572, 1.0782608695652174, 1.5714285714285714, 1.3529411764705883, 1.0, 1.8333333333333333, 1.2651006711409396, 1.0, 1.0, 2.3333333333333335, 1.0, 1.0, 1.0, 1.0, 1.131468004813399, 1.8, 1.0, 33.5, 35.857142857142854, 1.0, 2.0, 1.0, 1.2564102564102564, 1.0, 1.0188679245283019, 1.0, 1.1333333333333333, 1.1582491582491583, 1.8154362416107384, 1.0, 1.0, 1.091475793546538, 1.5784957817267995, 1.0, 1.187055663805361, 1.0909090909090908, 1.0, 1.5, 1.0, 2.3846153846153846, 1.0, 1.0, 1.1136563876651981, 1.0031796502384738]

WORKLOAD-FINISHED | Type: QueryWorkload | Progress: 25/50 | Workload-time: 4.177352 | Model-update-time: 0.000000

Mean JS divergence: 0.0653

WORKLOAD-FINISHED | Type: DataUpdateWorkload | Progress: 26/50 | Workload-time: 3.554327 | Model-update-time: 0.000000

ReportEsts: [1.0, 1.886593204775023, 2.311111111111111, 1.0, 1.256008641641912, 1.8333333333333333, 2.5, 1.1941747572815533, 1.0, 1.2682926829268293, 1.1722495266486725, 2.0, 1.09967679985011, 3.0, 3.0, 1.5, 1.0, 1.0, 1.0, 1.3800904977375565, 2.889830508474576, 1.0, 1.0, 2.0, 1.285243741765481, 1.4, 1.8333333333333333, 2.0, 1.0, 1.0, 37.0, 1.3306336350643164, 11.0, 1.1702480644651603, 43.0, 1.122597696232699, 1.0, 1.0, 1.0, 1.0, 1.0, 1.0, 1.6666666666666667, 1.4893617021276595, 1.0, 1.0, 1.2429378531073447, 1.5288461538461537, 1.1524249422632795, 1.0]

WORKLOAD-FINISHED | Type: QueryWorkload | Progress: 27/50 | Workload-time: 4.032129 | Model-update-time: 0.000000

Mean JS divergence: 0.0663

WORKLOAD-FINISHED | Type: DataUpdateWorkload | Progress: 28/50 | Workload-time: 3.586882 | Model-update-time: 0.000000

Mean JS divergence: 0.0649

WORKLOAD-FINISHED | Type: DataUpdateWorkload | Progress: 29/50 | Workload-time: 3.856787 | Model-update-time: 0.000000

Mean JS divergence: 0.0644

WORKLOAD-FINISHED | Type: DataUpdateWorkload | Progress: 30/50 | Workload-time: 3.602261 | Model-update-time: 0.000000

Mean JS divergence: 0.0642

WORKLOAD-FINISHED | Type: DataUpdateWorkload | Progress: 31/50 | Workload-time: 3.804560 | Model-update-time: 0.000000

ReportEsts: [1.2777241328084379, 1.1194295900178253, 1.0, 1.2, 3.0, 1.0, 1.3333333333333333, 1.0, 1.206896551724138, 3.0, 1.0, 1.0, 1.6470588235294117, 3.3766233766233764, 1.1675854465270121, 1.0307692307692307, 1.0, 1.0, 1.0, 1.0, 2.0, 1.0, 1.1064327485380117, 1.398921832884097, 5.0, 1.0, 1.2087101711423403, 1.174757281553398, 1.0, 1.125, 1.1319648093841643, 1.173913043478261, 1.0, 2.0, 1.2, 2.5, 1.0, 1.0, 2.0, 1.0, 1.006472491909385, 1.0, 1.198963730569948, 1.0, 141.0, 2.096774193548387, 1.9166666666666667, 1.4532374100719425, 5.0, 1.0]

WORKLOAD-FINISHED | Type: QueryWorkload | Progress: 32/50 | Workload-time: 4.078292 | Model-update-time: 0.000000

ReportEsts: [1.0, 2.125, 1.8060606060606061, 1.0, 1.2887621305281873, 1.0, 4.0, 1.356020942408377, 1.0, 1.2, 28.8, 35.0, 1.0, 34.0, 1.2960893854748603, 1.0, 1.0, 1.0, 1.1172727272727272, 1.0, 1.0383732138177328, 1.3268714947573763, 3.0, 1.4519230769230769, 62.0, 1.0, 1.8095238095238095, 1.0, 4.0, 1.0, 1.2235430694218714, 1.5263157894736843, 2.75, 1.2872340425531914, 1.2108433734939759, 1.5016835016835017, 1.6666666666666667, 1.0, 1.0, 1.5368128503462246, 1.1312056737588652, 1.3559150657229524, 1.0092129507765202, 1.1666666666666667, 1.0, 1.4579439252336448, 1.0, 1.4965394295302012, 2.5454545454545454, 1.3043478260869565]

WORKLOAD-FINISHED | Type: QueryWorkload | Progress: 33/50 | Workload-time: 4.140814 | Model-update-time: 0.000000

ReportEsts: [1.0, 1.1812095373440707, 1.1333333333333333, 5.0, 1.0, 1.1851768920734438, 1.0, 1.0757575757575757, 1.0, 1.2462939461977214, 1.0, 1.0, 1.0, 2.2162162162162162, 1.0, 1.0, 1.0, 1.0, 1.0004008016032064, 1.2044244792467924, 1.0, 1.0, 1.0, 1.0, 1.0, 1.4883720930232558, 1.0608108108108107, 1.25, 83.0, 2.0, 1.3414634146341464, 1.0, 2.0, 1.1927808727948004, 1.0, 1.274016528063818, 1.2682926829268293, 3.75, 1.0, 1.0, 1.0, 20.133333333333333, 2.321884200196271, 1.0, 1.2592592592592593, 1.178260126474107, 1.0, 1.0, 2.1875, 1.0842105263157895]

WORKLOAD-FINISHED | Type: QueryWorkload | Progress: 34/50 | Workload-time: 4.112470 | Model-update-time: 0.000000

Mean JS divergence: 0.0636

WORKLOAD-FINISHED | Type: DataUpdateWorkload | Progress: 35/50 | Workload-time: 3.834923 | Model-update-time: 0.000000

ReportEsts: [1.0, 1.2413793103448276, 1.0, 19.333333333333332, 15.818181818181818, 1.0, 1.084070796460177, 1.0, 61.0, 4.125, 3.8, 1.6666666666666667, 36.0, 1.0, 1.1627906976744187, 1.0, 47.0, 1.0, 1.2, 1.0, 1.0, 1.9116380737894947, 2.5714285714285716, 1.1724137931034482, 2.022364217252396, 1.1084745762711865, 1.0, 1.2302750859643639, 1.0, 1.0, 1.1422475394364298, 1.0, 2.5, 1.0, 1.0294117647058822, 1.5, 1.2042614064146966, 1.0, 1.0, 1.1519197366033236, 1.0905829596412555, 1.0, 3.0, 8.0, 3.6666666666666665, 1.0, 1.0, 1.3479749001711352, 1.1111111111111112, 2.0]

WORKLOAD-FINISHED | Type: QueryWorkload | Progress: 36/50 | Workload-time: 4.187200 | Model-update-time: 0.000000

ReportEsts: [1.194639175257732, 1.0, 11.0, 1.8, 2.0, 1.3, 2.1538461538461537, 1.0, 1.0946853806311176, 1.1268474215842637, 1.2303921568627452, 1.0, 1.3333333333333333, 1.0, 1.0, 1.0, 1.5666666666666667, 1.0, 1.1136363636363635, 1.6666666666666667, 1.0, 1.3333333333333333, 2.0833333333333335, 1.009090909090909, 1.25, 1.0, 1.1766355140186915, 2.259259259259259, 1.0, 1.0, 1.1290322580645162, 307.0, 46.0, 1.170005980861244, 1.0, 1.0, 6.8175, 1.25, 1.25, 1.0, 58.0, 1.90625, 1.0241596638655461, 1.113526788599496, 1.2497484262011187, 1.9614916491987289, 1.125, 1.0576, 1.0, 1.0]

WORKLOAD-FINISHED | Type: QueryWorkload | Progress: 37/50 | Workload-time: 4.102298 | Model-update-time: 0.000000

Mean JS divergence: 0.0644

WORKLOAD-FINISHED | Type: DataUpdateWorkload | Progress: 38/50 | Workload-time: 3.681713 | Model-update-time: 0.000000

ReportEsts: [1.0, 1.0, 1.1883891433473062, 1.0666666666666667, 1.007302946361118, 1.037037037037037, 1.0188679245283019, 1.176349277026552, 1.0, 1.2142857142857142, 21.5, 1.0, 1.0, 1.0, 1.1637630662020906, 1.4855588566467244, 1.5085470085470085, 3.134228187919463, 1.5, 1.0, 3.5, 1.2169448010269577, 1.125, 1.0, 17.0, 1.951219512195122, 1.875, 2.2861635220125787, 1.0, 1.5, 1.0, 1.125, 1.3333333333333333, 6.0, 1.6693877551020408, 35.0, 16.5, 1.0, 1261.0, 2.4, 1.8333333333333333, 6.0, 1.0, 4.0, 1.257595634150181, 2.8, 1.0, 320.0, 1.0, 1.0]

WORKLOAD-FINISHED | Type: QueryWorkload | Progress: 39/50 | Workload-time: 4.109248 | Model-update-time: 0.000000

Mean JS divergence: 0.0634

WORKLOAD-FINISHED | Type: DataUpdateWorkload | Progress: 40/50 | Workload-time: 3.825004 | Model-update-time: 0.000000

ReportEsts: [1661.0, 1.0, 3.0, 1.0, 1.3287671232876712, 1.0, 1.976032636409995, 1.1564673157162726, 1.0, 1.1388888888888888, 1.0, 1.5, 2.0, 1.1357466063348416, 2.0, 1.2803129074315516, 1.0, 1.045643384398531, 1.0, 110.0, 182.0, 131.0, 2.152173913043478, 717.0, 1.0567375886524824, 2.0, 2.090909090909091, 1.7073170731707317, 2.2, 1.2050015072676514, 1.0, 1.0, 1.0833271048992863, 1.0123638191537696, 1.0, 1.2222222222222223, 1.1792828685258965, 1.6310344827586207, 1.25, 1.0769230769230769, 1.9244031830238726, 3.4444444444444446, 3.2666666666666666, 1.0, 1.1185208479780977, 2.0, 1.3196444292976626, 2.8627450980392157, 1.0, 2.0]

WORKLOAD-FINISHED | Type: QueryWorkload | Progress: 41/50 | Workload-time: 4.242891 | Model-update-time: 0.000000

ReportEsts: [5.0, 1.0, 56.0, 1.0, 1.007181328545781, 1.0, 1.1743453999141509, 1.9166666666666667, 1.0, 1.0, 1.0, 12.0, 1.0492424242424243, 1.0, 1.2516703786191536, 1.196035242290749, 3.0, 1.0, 1.0, 1.0885731559854896, 18.0, 2.0, 16.0, 1.5218508997429305, 1.256235827664399, 1.0, 1.0, 1.4692737430167597, 1.1994764001428, 1.0, 1.0, 1.4074074074074074, 2.1648936170212765, 2.2954545454545454, 1.1593186372745492, 1.0, 2.0, 1.0, 1.0, 1.0, 1.7465724381625443, 1.0, 1.1601239669421488, 1.0, 25.0, 1.1566283141570786, 1.4083703233988585, 1.0, 2.090909090909091, 1.0]

WORKLOAD-FINISHED | Type: QueryWorkload | Progress: 42/50 | Workload-time: 4.079540 | Model-update-time: 0.000000

ReportEsts: [1.5789473684210527, 1.0, 1.0, 1.0, 2.521231422505308, 1.0, 2.4, 1.1320732972225425, 2.0, 2.0153846153846153, 1.0, 1.0, 1.5714285714285714, 136.0, 1.0263157894736843, 1.5850912778904664, 1.0, 1.0186495176848875, 1.8461538461538463, 1.0, 1.0, 2.0, 1.0, 1.2978889757623142, 1.1894030208583073, 1.0, 1.4, 1.0, 1.3214285714285714, 1.625, 1.0, 1.8, 1.161371237458194, 1.5108303249097472, 1.0, 53.0, 28.0, 2.857142857142857, 1.2589664763577808, 1.0, 1.1456375838926174, 1.0, 1.3333333333333333, 1.2158590308370043, 4.125, 1.0, 1.546, 2.6666666666666665, 1.6666666666666667, 19.0]

WORKLOAD-FINISHED | Type: QueryWorkload | Progress: 43/50 | Workload-time: 4.112598 | Model-update-time: 0.000000

ReportEsts: [1.0, 1.0, 1.0, 1.0, 1.0, 1.0, 1.0, 1.1505086935457824, 5.681818181818182, 1.0, 1.088836741535367, 5.2, 1.23125, 1.0, 1.0909090909090908, 4.0, 1.0, 1.0564516129032258, 2.0588235294117645, 1.0, 1.5796226415094339, 1.2149532710280373, 15.0, 1.130226561060969, 60, 1.6153846153846154, 2.0, 2.8, 1.4444444444444444, 1.0078109756481348, 1.0, 1.0, 1.0, 1.1696428571428572, 1.0, 1.08, 1.0, 1.0, 2.0, 1.514543630892678, 1.0, 1.0, 1.0, 140.0, 1.0, 1.0, 1.214792642301936, 1.0, 18.0, 1.0]

WORKLOAD-FINISHED | Type: QueryWorkload | Progress: 44/50 | Workload-time: 4.029284 | Model-update-time: 0.000000

ReportEsts: [1.0, 3.888888888888889, 1.0089598753408648, 1.322617680826636, 3.0, 2.0, 1.0, 1.0, 1.1239388794567062, 1.0, 1.0, 1.0, 87.0, 1.1784962791891198, 1.0, 1.0, 1.4126506024096386, 253.0, 1.0, 1.0, 2.8641975308641974, 2.0, 1.0, 1.0, 2.5555555555555554, 1.0, 1.1292604501607717, 133.0, 1.7857142857142858, 1.0, 1.0, 1.6666666666666667, 2.0, 1.3568464730290457, 1.0451977401129944, 100.0, 1.0, 1.0, 2.0, 3.0, 1.0, 1.0491993406048346, 1.304812834224599, 18.214285714285715, 1.875, 39.0, 1.024793388429752, 1.0, 62.0, 2.0]

WORKLOAD-FINISHED | Type: QueryWorkload | Progress: 45/50 | Workload-time: 4.022637 | Model-update-time: 0.000000

Mean JS divergence: 0.0645

WORKLOAD-FINISHED | Type: DataUpdateWorkload | Progress: 46/50 | Workload-time: 3.945851 | Model-update-time: 0.000000

ReportEsts: [3.0, 31.0, 3.4615384615384617, 1.1335740072202165, 2.0714285714285716, 1.1111111111111112, 31.5, 1.159513952001077, 1.0, 1.0, 1.0, 1.2082996704240885, 1.0, 1.0, 1.0, 1.0, 193.0, 19.0, 1.3336053610383087, 1.0, 48.0, 1.4427860696517414, 1.0, 1.0, 1.2371794871794872, 2.027027027027027, 1.835920177383592, 1.3177174183902318, 1.608695652173913, 1.0, 1.1878453038674033, 1.0, 1.0, 1.695170580416482, 1.0266666666666666, 1.2364624641050184, 1.0965109735509286, 1.2753623188405796, 1.3508980847474448, 1.0, 1.0, 1.5994152046783625, 1.0, 1.0585786004901379, 3.7818181818181817, 1.0, 1.0, 1.0, 1.0714285714285714, 15.0]

WORKLOAD-FINISHED | Type: QueryWorkload | Progress: 47/50 | Workload-time: 3.946036 | Model-update-time: 0.000000

ReportEsts: [1.0, 1.0, 3.0, 19, 1.0, 1.0, 1.2630230572160546, 1.0753068874095129, 1.0, 65.0, 27.0, 21.0, 3.0, 1.0, 1.0, 1.0, 1.0, 96.25, 1.8788584740827023, 1.0, 1.2887323943661972, 1.0, 1.008595988538682, 2560.0, 32.0, 1.0, 2.0, 1.0, 1.0, 1.235897435897436, 4.603448275862069, 1.2211538461538463, 1.8064516129032258, 1.0, 1.0, 1.0, 3.0, 1.0, 1.0, 1.16580310880829, 2.0, 1.6, 3.0, 1.0, 2.0, 2.3333333333333335, 1.086092715231788, 1.01114224068528, 1.0, 1.116517457100505]

WORKLOAD-FINISHED | Type: QueryWorkload | Progress: 48/50 | Workload-time: 4.019502 | Model-update-time: 0.000000

ReportEsts: [1.2, 1.0, 1.0, 6.510917030567685, 1.125535561268209, 1.0, 1.0, 66.0, 1.0, 1.1773200757575757, 1.0, 1.046875, 124.0, 1.0, 1.0, 1.1157894736842104, 1.0, 1.3733333333333333, 1.9090909090909092, 2.0, 1.05, 1.0, 1.2363636363636363, 1.0, 18.0, 1.0, 1.2186788154897494, 1.3076923076923077, 3.891304347826087, 1.0490867579908676, 1.0, 1.5, 1.7095031654280208, 1.0606060606060606, 1.021978021978022, 1.160149973219068, 20.0, 1.5421443020903574, 1.1068702290076335, 1.0, 1.0, 1.0, 1.0, 1.0, 1.7005988023952097, 1.4357518401682439, 2.0, 2.0, 9.0, 6.75]

WORKLOAD-FINISHED | Type: QueryWorkload | Progress: 49/50 | Workload-time: 4.116537 | Model-update-time: 0.000000

ReportEsts: [1.0, 1.0, 1.0, 1.984375, 3.0, 1.0, 1.0, 1.0, 68.0, 3.0, 1.0, 1.0, 1.0, 1.2671232876712328, 1.052132701421801, 1.0, 11.0, 1.1534276387377584, 1.0, 6.0, 42.0, 1.0311741136474017, 2.051948051948052, 1.0920466595970308, 1.7142857142857142, 1.351699723142559, 1.1116843979726954, 1.0905923344947734, 2.3333333333333335, 2.0, 1.0, 1.10051993067591, 1.0, 1.0, 1.1334297457756126, 1.2794117647058822, 3.0454545454545454, 2.75, 23.0, 1.0, 1.0, 1.0, 488.0, 2.2222222222222223, 3.7405405405405405, 1.0, 2.0, 17.0, 1.75, 1.0]

WORKLOAD-FINISHED | Type: QueryWorkload | Progress: 50/50 | Workload-time: 4.008668 | Model-update-time: 0.000000

Experiment Summary: #drift=0 | total-time=197.212439




Sum of Model-update-time = 0.0000
The 1st    ReportEsts -> max: 134.0000	99th: 110.4800	95th: 46.2000	median: 1.1196	mean: 7.5252
2nd to end ReportEsts -> max: 2560.0000	99th: 210.5700	95th: 46.5500	median: 1.1648	mean: 14.4251
