Input arguments = Namespace(data_update='permute-opt', dataset='forest', debug=False, drift_test='ddup', model_update='update', model='naru', random_seed=42, num_workload=50)

ReportEsts: [2.0, 1.0598437202210786, 1.0, 1.475, 2.6666666666666665, 1.0, 1.3046875, 1.0, 1.2666666666666666, 1.0, 1.1044776119402986, 66.0, 1.0, 2.5, 2.0303030303030303, 1.1866666666666668, 1.0, 22.0, 1.6226415094339623, 1.2647058823529411, 1.0, 134.0, 1.0, 1.0, 1.5316455696202531, 1.0, 1.0219118049849356, 4.0, 1.0, 3.5, 1.75, 1.0, 1.0, 1.0, 1.0, 2.0, 1.0, 86.0, 1.0, 2.0, 2.0, 1.0, 1.7, 1.0, 1.2032520325203253, 3.0352422907488985, 1.0, 2.0, 1.0, 1.0]

WORKLOAD-FINISHED | Type: QueryWorkload | Progress: 1/50 | Workload-time: 4.248432 | Model-update-time: 0.000000

WORKLOAD-FINISHED | Type: DataUpdateWorkload | Progress: 2/50 | Workload-time: 6.640568 | Model-update-time: 10.555768

ReportEsts: [1.0, 2.6666666666666665, 1.0, 1.0, 1.2842465753424657, 1.0, 1.164018509226738, 15.25, 1.0, 1.5, 1.9318980667838312, 1.0, 1.0, 1.0, 1.0, 1.0, 1.0, 1.0, 1.0, 1.0, 1.0, 2.8333333333333335, 3.2976190476190474, 1.0, 1.0, 41.0, 1.0, 1.176056338028169, 1.0686522292672473, 2.75, 2.0, 1.4, 1.0, 1.0, 1.0, 1.5, 80.0, 1.0, 1.0, 1.0, 3.5, 1.0, 64.0, 1.88, 1.0, 1.6, 1.4124477914188078, 1.5681818181818181, 1.1428571428571428, 1.0]

WORKLOAD-FINISHED | Type: QueryWorkload | Progress: 3/50 | Workload-time: 4.072356 | Model-update-time: 0.000000

ReportEsts: [1.0342465753424657, 1.0, 6.0, 1.0, 1.0, 2.0, 1.0, 18.0, 1.68295994568907, 14.0, 3.507142857142857, 1.163237597911227, 1.0, 19.0, 1.019736842105263, 1.0933616247347682, 1.2875, 1.0, 2.611308521912599, 1.240484429065744, 1.0, 1.0, 1.1838747099767981, 1.0, 15.0, 1.2770347726404279, 1.0, 1.0, 1.0, 7.0, 1.1701728945900725, 1.0, 1.5881057268722467, 32.0, 1.0, 6.0, 1.1360544217687074, 1.1215629522431259, 1.0, 2.0, 2.0, 1.0, 1.6666666666666667, 1.9170731707317072, 1.3523833931317273, 1.0, 23.0, 4.0, 2.0555555555555554, 66.0]

WORKLOAD-FINISHED | Type: QueryWorkload | Progress: 4/50 | Workload-time: 4.050022 | Model-update-time: 0.000000

WORKLOAD-FINISHED | Type: DataUpdateWorkload | Progress: 5/50 | Workload-time: 6.635251 | Model-update-time: 10.242027

ReportEsts: [184.0, 1.0, 1.182648401826484, 1.0441518202943454, 1.0, 4.0, 1.045401030169242, 1.0, 1.7022222222222223, 1.811017597551645, 168.0, 1.0, 1.75, 1.2115384615384615, 1.0517241379310345, 113.0, 2.111111111111111, 1.1096491228070176, 1.0, 1.1918103448275863, 2.3333333333333335, 6.0, 1.0, 411.0, 2.216906888319038, 1.0, 2.0, 34.0, 1.24, 1.6194379391100702, 1.0, 2.0, 1.0, 1.0, 3.6842105263157894, 56.0, 2.3333333333333335, 1.5, 1.0, 68.5, 3.0322893122376495, 2.816796028249773, 1.0, 1.0, 1.0, 1.0, 1.0, 1.2495049504950495, 1.0, 1.0]

WORKLOAD-FINISHED | Type: QueryWorkload | Progress: 6/50 | Workload-time: 4.002743 | Model-update-time: 0.000000

ReportEsts: [1.2208955223880598, 1.0, 1.0, 1.0, 1.5224489795918368, 1.0, 1.0, 1.0, 1.0, 1.0, 1.2050199304708689, 2.0, 1.0, 7.269230769230769, 10.0, 1.0555555555555556, 1.3864122227234392, 2.0, 1.0, 1.4620689655172414, 1.0, 1.0788072417465389, 2.020066889632107, 1.0, 1.028913216209058, 2.0, 8.5, 1.0211129244371207, 1.1559633027522935, 8.0, 1.038398244651673, 1.3333333333333333, 1.0, 1.0, 82.0, 1.0734018264840182, 1.0, 1.0, 4.170377541142304, 5.583333333333333, 1.0869565217391304, 1.0, 1.0, 1.0314465408805031, 1.739868990784945, 1.0, 1.0, 2.0, 1.9496072843539307, 1.7435663857891142]

WORKLOAD-FINISHED | Type: QueryWorkload | Progress: 7/50 | Workload-time: 3.967196 | Model-update-time: 0.000000

ReportEsts: [1.1413755458515285, 1.2222754402770615, 1.0, 1.0, 1.8297872340425532, 20.0, 1.0, 59.0, 1.5, 2.197103448275862, 1.428975751548994, 2.0, 3.0, 1.0793791574279379, 1.0, 1.739251040221914, 1.5, 1.638391721095937, 52.0, 1.0, 13.0, 1.0, 1.0, 1.0, 1.0, 1.0, 1.2759007678676906, 1.0, 1.0, 2.5, 65.0, 2.8682123245881637, 1.0, 1.2506963788300836, 7.470588235294118, 6.666666666666667, 1.3333333333333333, 1.2730714126105758, 1.0, 1.0, 1.9090909090909092, 87.0, 1.2906453226613306, 1.0, 2.75, 2.0, 2.0, 1.0, 11.0, 2.4166666666666665]

WORKLOAD-FINISHED | Type: QueryWorkload | Progress: 8/50 | Workload-time: 4.012580 | Model-update-time: 0.000000

ReportEsts: [2.5714285714285716, 1.0, 2.0, 2.3604715417203903, 1.0, 1.0, 1.262312875017919, 10.0, 1.7108953613807982, 1.0, 1.4565393988627133, 1.2872936040994496, 61.0, 1.0, 1.023076923076923, 12.0, 1.710801393728223, 2.0, 1.0, 1.0, 75.5, 1.0, 1.0, 3.0, 1.744, 1.0983924188014889, 1.0, 1.8888888888888888, 1.0, 8.93146417445483, 2.2857142857142856, 1.0, 1.8055555555555556, 2.5, 217.0, 6.0, 2.0, 1.0, 1.6666666666666667, 1.0, 1.0413793103448277, 1.102228746830375, 1.5389887572897252, 1.0, 1.0, 1.4036144578313252, 1.8387096774193548, 1.825242718446602, 1.0924240086406418, 1.4130555883792772]

WORKLOAD-FINISHED | Type: QueryWorkload | Progress: 9/50 | Workload-time: 4.121628 | Model-update-time: 0.000000

WORKLOAD-FINISHED | Type: DataUpdateWorkload | Progress: 10/50 | Workload-time: 6.671739 | Model-update-time: 10.365066

ReportEsts: [2.5, 1.0, 1.6666666666666667, 2.0, 3.7598760650658405, 10.0, 28.61904761904762, 1.0, 1.2645627531544132, 2.1744186046511627, 4.0, 1.5315614617940199, 2.0930232558139537, 12.333333333333334, 1.3702244303580606, 2.0, 1.1755725190839694, 2.5, 2.0, 1.0, 1.5, 125.0, 2.718796992481203, 1.375234521575985, 1.0, 1.0, 116.0, 1.0295941364818137, 1.0, 1.0, 5.356933879461674, 1.242805371988915, 56.666666666666664, 1.3058640967004247, 1.5238095238095237, 1.0, 1.0, 1.25, 1.0, 1.5952380952380953, 1.352844567073972, 2.0, 1.0, 1.0, 1.069439480990736, 3.0, 90.0, 3.0238095238095237, 1.0925581971272906, 1.001926782273603]

WORKLOAD-FINISHED | Type: QueryWorkload | Progress: 11/50 | Workload-time: 4.023720 | Model-update-time: 0.000000

WORKLOAD-FINISHED | Type: DataUpdateWorkload | Progress: 12/50 | Workload-time: 6.602475 | Model-update-time: 10.576298

WORKLOAD-FINISHED | Type: DataUpdateWorkload | Progress: 13/50 | Workload-time: 6.833657 | Model-update-time: 10.604543

WORKLOAD-FINISHED | Type: DataUpdateWorkload | Progress: 14/50 | Workload-time: 6.869190 | Model-update-time: 10.539557

ReportEsts: [3.0, 7.1, 1.161138896949627, 1.0, 1.0, 1.4, 4.873015873015873, 1.1666666666666667, 23.0, 3.0, 1.0, 108.0, 2.619047619047619, 1.0504430131126894, 31.0, 1.0, 47.0, 2.631794272355348, 1.0, 1.0, 2.0, 1.0, 2.75, 1.0, 1.8421052631578947, 1.0, 2.526315789473684, 1.88, 1.4321608040201006, 1.0, 3.0, 5.0, 2.0, 2.0, 73.0, 1.0, 1.1434486040609138, 1.0, 2.0568181818181817, 1.146031746031746, 161.0, 332.5925925925926, 153.0, 1.7435897435897436, 1.1770833333333333, 1.0683491062039958, 41.142857142857146, 1.19520264681555, 1.0, 2.08]

WORKLOAD-FINISHED | Type: QueryWorkload | Progress: 15/50 | Workload-time: 4.127842 | Model-update-time: 0.000000

WORKLOAD-FINISHED | Type: DataUpdateWorkload | Progress: 16/50 | Workload-time: 6.665743 | Model-update-time: 10.522005

ReportEsts: [1.0, 214.0, 1.0, 55.0, 1.3716243450221686, 1.3980738362760834, 2.1666666666666665, 1.5, 1.0, 1.5294117647058822, 1.6019138755980862, 1.0, 14.0, 1.3618807724601176, 1.6009933774834437, 1.0, 1.0, 1.0, 1.2666666666666666, 1.0, 1.2137018295056443, 1.0, 1.0, 1.0, 1.1705229204143663, 1.544975404075896, 2.8666391412056154, 1.238295124313852, 1.0821316614420062, 1.028169014084507, 1.2307692307692308, 1.0, 1.0, 55.8, 1.400803328073447, 2.130434782608696, 1.8333333333333333, 4.75, 1.0, 1.0, 1.3699492838432814, 1.0, 1.0, 3.6363636363636362, 1.0, 2.0, 1.0, 13.5, 1.0, 1.0]

WORKLOAD-FINISHED | Type: QueryWorkload | Progress: 17/50 | Workload-time: 4.089957 | Model-update-time: 0.000000

ReportEsts: [2.301239970824216, 1.0, 1.0, 1.6065375302663438, 1.1395348837209303, 1.25, 1.0, 1.375583498044493, 4.7, 1.0, 1.8202247191011236, 2.0, 1.208955223880597, 1.174917491749175, 29.571428571428573, 1.2604884157795868, 1.0, 3.0, 1.0, 2.0, 1.6666666666666667, 1.6354166666666667, 1.222371174174147, 1.0, 713.0, 1.0, 38.0, 1.0, 1.0, 50.0, 3.0, 1.0, 1.4225352112676057, 1.0, 1.0, 1.0, 1.8460176991150443, 1.3333333333333333, 2.274193548387097, 1.8446601941747574, 1.0, 1.0, 1.0840415486307837, 1.0, 1.4761904761904763, 1.2178520114942528, 1.0, 3.0, 1.5, 1.0]

WORKLOAD-FINISHED | Type: QueryWorkload | Progress: 18/50 | Workload-time: 4.136363 | Model-update-time: 0.000000

ReportEsts: [1.6067390822434051, 8.0, 1.1821325648414986, 19.0, 3.1559278350515463, 3.0, 21.0, 1.0, 578.0, 1.0, 26.0, 1.025971704261559, 1.5, 1.7474226804123711, 1.0, 1.0, 1.0, 46.857142857142854, 1.3333333333333333, 1.0, 1.0, 1.0, 1.03125, 13.0, 1.0924624720536569, 1.0, 1.7272727272727273, 1.0, 4.0, 1.270703933747412, 76.0, 1.0, 1.0, 1.0, 1.0, 3.292307692307692, 1.0, 1.0, 1.1080595760014413, 1.1666666666666667, 1.0, 63.75, 1.75, 1.0, 1.2, 1.0, 1.0, 1.267239925813522, 1.0, 1.0]

WORKLOAD-FINISHED | Type: QueryWorkload | Progress: 19/50 | Workload-time: 4.143192 | Model-update-time: 0.000000

ReportEsts: [1.0, 1.1666666666666667, 11.722222222222221, 1.0, 1.375, 2.0, 1.0736842105263158, 1.0, 1.0, 1.0598802395209581, 1.2697977454357965, 1.0, 1.3585585585585584, 1.7696644855909787, 35.0, 1.6, 1.797331965110313, 1.0, 1.0, 7.0, 1.0859618111797402, 1.408450704225352, 1.0, 1.0, 1.0, 1.0, 34.13725490196079, 1.015625, 1.5820721769499417, 1.0, 1.7984577637574484, 1.4684684684684686, 1.0, 1.0, 1.0, 1.85, 1.8333333333333333, 1.5, 1.213653603034134, 1.75, 1.8584656084656084, 52.0, 1.0, 9.0, 1.0, 1.0, 1.0, 1.0, 1.0, 1.3369540215196667]

WORKLOAD-FINISHED | Type: QueryWorkload | Progress: 20/50 | Workload-time: 4.146362 | Model-update-time: 0.000000

ReportEsts: [1.0, 1.0, 1.913235526108219, 1.0, 1.6, 1.006896551724138, 1.019096457559932, 3.0, 1.7219430485762144, 1.0, 1.2372881355932204, 1.3762039660056657, 3.050351288056206, 2.0, 1.0, 6.568627450980392, 41.42857142857143, 95.0, 1.070167176830704, 7.241379310344827, 1.1812653510629287, 7.0, 1.0, 1.0, 1.0, 4.9361702127659575, 1.0, 1.0, 4.333333333333333, 27.0, 36.0, 1.1985645933014355, 57.0, 1.4666666666666666, 26.0, 1.0, 1.0, 1.0053555489437667, 1.0, 8.333333333333334, 1.3333333333333333, 1.2250178699070764, 1.0, 1.7272727272727273, 1.0, 1.2222222222222223, 1.2516377333770061, 1.1788370791010157, 1.7142857142857142, 1.0]

WORKLOAD-FINISHED | Type: QueryWorkload | Progress: 21/50 | Workload-time: 4.140430 | Model-update-time: 0.000000

ReportEsts: [1.0, 9.0, 1.1031518624641834, 1.1627906976744187, 1.0610961365678346, 14.5, 1.0, 1.0, 1.5, 21.333333333333332, 1.0, 1.0, 3.0, 1.0, 2.0, 1.2888425443169969, 1.0239520958083832, 1.0800869160329039, 1.0, 1.3157894736842106, 1.0, 1.0, 1.0, 1.0, 1.0, 47.0, 1.0147563486616336, 16.0, 1.0, 1.0, 36.0, 1.0, 1.35, 1.0, 1.0, 99.0, 191.0, 21.68686868686869, 2.0, 13.153846153846153, 1.0757575757575757, 1.245045045045045, 2.62, 2.3333333333333335, 1.5980611483967189, 1.188118811881188, 1.0106382978723405, 1.0, 1.0, 1.0]

WORKLOAD-FINISHED | Type: QueryWorkload | Progress: 22/50 | Workload-time: 4.151512 | Model-update-time: 0.000000

WORKLOAD-FINISHED | Type: DataUpdateWorkload | Progress: 23/50 | Workload-time: 6.856269 | Model-update-time: 10.526407

WORKLOAD-FINISHED | Type: DataUpdateWorkload | Progress: 24/50 | Workload-time: 6.753234 | Model-update-time: 10.460417

ReportEsts: [1.3929188966652943, 1.910216718266254, 1.0, 1.8294190358467244, 1.0, 47.0, 4.111111111111111, 1.2653061224489797, 3.6666666666666665, 1.0625, 1.0, 1.8333333333333333, 1.087248322147651, 1.0, 1.0, 1.8918918918918919, 1.0, 1.0, 1.0, 1.0, 1.0685824287967345, 12.0, 1.0, 22.333333333333332, 25.1, 1.0, 2.0, 1.0, 1.0, 1.0, 2.918918918918919, 1.0, 1.3333333333333333, 1.2053872053872055, 1.0268456375838926, 1.0, 1.0, 1.049821974825736, 1.5992216483596422, 1.0, 1.272894833851177, 1.6923076923076923, 1.0, 1.5, 1.0, 1.8235294117647058, 1.0, 1.0, 1.7466016927417287, 1.1958174904942966]

WORKLOAD-FINISHED | Type: QueryWorkload | Progress: 25/50 | Workload-time: 4.065148 | Model-update-time: 0.000000

WORKLOAD-FINISHED | Type: DataUpdateWorkload | Progress: 26/50 | Workload-time: 6.715567 | Model-update-time: 11.108885

ReportEsts: [1.0, 1.8341020681446214, 4.9523809523809526, 1.0, 1.5384823116392115, 2.2, 2.5, 1.0336134453781514, 1.0, 1.0384615384615385, 1.1628529992345809, 2.0, 1.0930254344465784, 1.5, 3.0, 1.5, 1.0, 1.0, 1.0, 1.955128205128205, 4.371794871794871, 1.0, 1.0, 2.0, 1.0541666666666667, 1.0, 3.1666666666666665, 2.0, 1.0, 1.0, 37.0, 1.1014768937589328, 11.0, 1.1242410443230115, 43.0, 1.0173661427134195, 1.0, 1.0, 1.0, 1.0, 1.0, 1.0, 1.6666666666666667, 2.1129296235679216, 1.0, 1.0, 13.971751412429379, 1.5288461538461537, 1.1939953810623556, 1.0]

WORKLOAD-FINISHED | Type: QueryWorkload | Progress: 27/50 | Workload-time: 7.719928 | Model-update-time: 0.000000

WORKLOAD-FINISHED | Type: DataUpdateWorkload | Progress: 28/50 | Workload-time: 13.059983 | Model-update-time: 10.604313

WORKLOAD-FINISHED | Type: DataUpdateWorkload | Progress: 29/50 | Workload-time: 6.843234 | Model-update-time: 10.576666

WORKLOAD-FINISHED | Type: DataUpdateWorkload | Progress: 30/50 | Workload-time: 6.788205 | Model-update-time: 10.356828

WORKLOAD-FINISHED | Type: DataUpdateWorkload | Progress: 31/50 | Workload-time: 6.992200 | Model-update-time: 10.409495

ReportEsts: [1.14793656207367, 1.1397459165154264, 1.0, 1.2, 3.0, 1.0, 1.3333333333333333, 1.0, 1.25, 1.6666666666666667, 1.0, 1.0, 2.4705882352941178, 5.098039215686274, 1.9360529217199558, 1.2461538461538462, 1.0, 1.0, 1.0, 1.0, 2.0, 1.0, 1.6997885835095137, 1.376657824933687, 3.0, 1.3448275862068966, 2.27797147385103, 1.0098039215686274, 2.0, 1.2162162162162162, 2.5833333333333335, 1.4375, 1.0, 2.0, 2.2, 26.8, 1.0, 38.0, 2.0, 1.0, 1.273069185690545, 1.0, 1.2070624458770327, 1.0, 141.0, 1.3541666666666667, 1.25, 1.0247524752475248, 1.0, 1.0]

WORKLOAD-FINISHED | Type: QueryWorkload | Progress: 32/50 | Workload-time: 4.082887 | Model-update-time: 0.000000

ReportEsts: [1.0, 2.125, 1.2483221476510067, 1.0, 1.3576561226757538, 1.0, 4.0, 1.5078534031413613, 1.0, 1.5, 72.0, 35.0, 1.0, 34.0, 1.4357541899441342, 20.0, 1.0, 1.0, 1.0807272727272728, 1.0, 1.0715382535076983, 1.0073152889539136, 3.0, 1.0, 62.0, 1.0, 6.333333333333333, 1.0, 17.0, 1.0, 1.0335268168098444, 1.1379310344827587, 2.75, 1.5752066115702479, 1.4357142857142857, 1.2706552706552707, 1.2, 1.0, 1.0, 1.9712990936555892, 1.247787610619469, 1.3983822042467138, 1.649587494572297, 1.0714285714285714, 1.0, 1.07, 1.0, 1.3748554913294797, 2.272727272727273, 1.1956521739130435]

WORKLOAD-FINISHED | Type: QueryWorkload | Progress: 33/50 | Workload-time: 4.066242 | Model-update-time: 0.000000

ReportEsts: [1.0, 1.1389546818253593, 2.8333333333333335, 10.0, 1.0, 1.515450067174205, 1.0, 1.2045454545454546, 1.0, 1.2066186006944928, 1.0, 1.0, 1.0, 2.342857142857143, 1.0, 1.0, 1.0, 1.0, 1.871064467766117, 1.2799913848804652, 1.0, 1.0, 1.0, 4.0, 1.0, 1.193798449612403, 1.5336787564766838, 1.7, 83.0, 1.0, 1.375, 1.0, 2.0, 1.0125928505106778, 1.0, 1.1016983834663392, 1.1951219512195121, 2.142857142857143, 3.0, 1.0, 1.0, 13.130434782608695, 1.216452442159383, 1.0, 1.4197530864197532, 1.3177234660741755, 1.0, 1.0, 2.456140350877193, 2.900485436893204]

WORKLOAD-FINISHED | Type: QueryWorkload | Progress: 34/50 | Workload-time: 4.116575 | Model-update-time: 0.000000

WORKLOAD-FINISHED | Type: DataUpdateWorkload | Progress: 35/50 | Workload-time: 6.938963 | Model-update-time: 10.468050

ReportEsts: [1.0, 1.6551724137931034, 1.0, 29.0, 16.571428571428573, 1.0, 1.0189463955637708, 1.0, 10.166666666666666, 8.25, 3.1666666666666665, 1.6666666666666667, 36.0, 2.0, 5.0, 2.0, 47.0, 1.0, 1.0, 1.0, 1.0, 1.0350887680076515, 2.0714285714285716, 1.4782608695652173, 1.0567612687813022, 9.608562691131498, 1.0, 1.2008361988121288, 1.0, 1.0, 1.303249292166644, 1.0, 2.5, 1.0, 1.2745098039215685, 1.5, 1.1168197560608342, 1.0, 1.0, 1.3053171907811163, 1.0977578475336323, 1.0, 1.5, 8.0, 5.333333333333333, 1.0, 1.0, 1.074090909090909, 1.2508960573476702, 1.0]

WORKLOAD-FINISHED | Type: QueryWorkload | Progress: 36/50 | Workload-time: 4.129177 | Model-update-time: 0.000000

ReportEsts: [1.230339928970066, 1.0, 11.0, 1.1111111111111112, 1.0, 30.824175824175825, 5.6, 1.0, 1.0307579323352194, 1.1197235513024986, 1.539877300613497, 1.0, 22.0, 1.0, 1.0, 1.0, 4.366666666666666, 1.0, 1.0476190476190477, 4.333333333333333, 1.0, 2.3333333333333335, 1.9166666666666667, 1.0454545454545454, 1.0833333333333333, 1.0, 1.0786290322580645, 1.6944444444444444, 1.0, 1.0, 1.728395061728395, 10.964285714285714, 46.0, 1.8048744019138756, 1.0, 1.0, 13.433497536945813, 1.1333333333333333, 1.75, 1.0, 58.0, 3.09375, 1.072072072072072, 1.0605700252051962, 1.578479324144064, 2.4647181273630996, 1.1428571428571428, 1.8601190476190477, 1.0, 2.0]

WORKLOAD-FINISHED | Type: QueryWorkload | Progress: 37/50 | Workload-time: 4.164901 | Model-update-time: 0.000000

WORKLOAD-FINISHED | Type: DataUpdateWorkload | Progress: 38/50 | Workload-time: 6.868046 | Model-update-time: 10.803540

ReportEsts: [1.0, 1.0, 1.1934212813628726, 3.2, 1.1043622308117063, 3.375, 2.018867924528302, 1.3207447681094888, 1.0, 1.4285714285714286, 28.666666666666668, 1.0, 1.0, 1.0, 1.3083623693379791, 1.6515345750697534, 1.5829596412556053, 2.7309941520467835, 10.0, 1.0, 1.4285714285714286, 1.1399229781771503, 103.33333333333333, 1.0, 17.0, 1.5609756097560976, 3.75, 3.5849056603773586, 1.0, 5.5, 1.0, 1.3333333333333333, 4.333333333333333, 3.75, 3.016326530612245, 35.0, 16.5, 2.0, 42.03333333333333, 12.0, 1.5, 6.0, 1.0, 20.0, 1.6855748543842157, 3.4054054054054053, 1.0, 16.842105263157894, 1.0, 1.0]

WORKLOAD-FINISHED | Type: QueryWorkload | Progress: 39/50 | Workload-time: 4.255246 | Model-update-time: 0.000000

WORKLOAD-FINISHED | Type: DataUpdateWorkload | Progress: 40/50 | Workload-time: 7.322535 | Model-update-time: 10.615664

ReportEsts: [87.42105263157895, 1.0, 3.0, 1.0, 4.47945205479452, 1.0, 1.7332637542865663, 1.1777620396600565, 1.0, 1.1944444444444444, 1.0, 3.0, 2.0, 1.3641975308641976, 1.5, 1.0254010695187166, 1.0, 1.0656044454524836, 1.0, 110.0, 182.0, 131.0, 1.6638655462184875, 89.625, 1.177304964539007, 1.0, 7.5, 1.75, 2.5692307692307694, 1.0703543671614153, 1.0, 1.0, 1.1154452931104142, 1.0423194060154866, 1.0, 1.3571428571428572, 16.374501992031874, 1.8103448275862069, 1.1428571428571428, 1.1063829787234043, 2.2143906020558, 10.88888888888889, 5.444444444444445, 1.0, 1.0524286965832765, 1.0, 1.2376056724697775, 1.2156862745098038, 1.0, 2.0]

WORKLOAD-FINISHED | Type: QueryWorkload | Progress: 41/50 | Workload-time: 4.085598 | Model-update-time: 0.000000

ReportEsts: [5.0, 1.0, 56.0, 1.0, 1.284732824427481, 3.0, 1.1868173796918968, 5.111111111111111, 1.0, 1.0, 1.0, 18.0, 1.615530303030303, 1.0, 2.07380073800738, 2.6917676211453743, 1.0, 1.0, 1.0, 1.0115168539325843, 18.0, 2.0, 16.0, 1.9100257069408741, 1.356923076923077, 1.0, 2.0, 1.8098859315589353, 1.0752296158464685, 1.0, 1.0, 7.6, 1.1181318681318682, 40.59090909090909, 1.1810650887573964, 1.0, 2.0, 1.0, 1.0, 1.0, 1.2775971731448763, 1.0, 1.037190082644628, 1.0, 25.0, 1.1863431715857928, 1.0811667723525682, 1.0, 2.090909090909091, 1.0]

WORKLOAD-FINISHED | Type: QueryWorkload | Progress: 42/50 | Workload-time: 4.047890 | Model-update-time: 0.000000

ReportEsts: [10.842105263157896, 1.0, 2.0, 1.0, 2.715498938428875, 1.0, 4.0, 2.1308055779647344, 2.0, 1.4772727272727273, 1.0, 1.0, 1.2857142857142858, 136.0, 1.1818181818181819, 1.807447669712039, 1.0, 1.5320197044334976, 1.1538461538461537, 1.0, 1.0, 2.0, 1.0, 1.1876465989053948, 1.3246223927115799, 1.0, 1.25, 1.0, 1.2923076923076924, 1.8571428571428572, 1.0, 1.8, 1.3118729096989967, 2.687725631768953, 1.0, 10.20754716981132, 28.0, 6.857142857142857, 1.1646903820816865, 1.0, 1.1217962760131435, 1.0, 1.3333333333333333, 1.5418502202643172, 8.25, 1.0, 1.112, 1.6, 1.5, 19.0]

WORKLOAD-FINISHED | Type: QueryWorkload | Progress: 43/50 | Workload-time: 4.181320 | Model-update-time: 0.000000

ReportEsts: [4.0, 1.0, 1.0, 1.0, 1.0, 1.0, 1.0, 1.17968455617161, 4.8076923076923075, 1.0, 1.14652874223776, 3.933333333333333, 1.308970099667774, 1.0, 1.7142857142857142, 4.0, 1.0, 1.1068702290076335, 2.3529411764705883, 1.0, 3.0886792452830187, 1.6538461538461537, 15.0, 1.049965776865161, 60.0, 3.25, 2.0, 3.4, 2.6, 1.0479880618896773, 1.0, 1.0, 3.0, 1.0535714285714286, 1.0, 1.4210526315789473, 2.0, 4.0, 2.0, 1.3677536231884058, 1.0, 2.0, 1.0, 140.0, 1.0, 1.0, 1.0449958962970116, 1.0, 18.0, 1.0]

WORKLOAD-FINISHED | Type: QueryWorkload | Progress: 44/50 | Workload-time: 4.162884 | Model-update-time: 0.000000

ReportEsts: [1.0, 11.666666666666666, 1.5545688545688545, 1.4420206659012629, 3.0, 2.0, 1.0, 1.0, 1.1035653650254669, 14.5, 1.0, 1.0, 87.0, 1.0548113933795227, 1.0, 1.0, 3.102803738317757, 21.083333333333332, 25.0, 1.0, 1.901639344262295, 2.0, 1.0, 102.5, 3.2857142857142856, 1.0, 1.6666666666666667, 133.0, 1.2857142857142858, 1.0, 1.0, 2.0, 2.5, 1.053941908713693, 1.475, 100.0, 3.5555555555555554, 1.0, 2.0, 3.0, 1.0, 1.112405488803017, 1.0962566844919786, 25.5, 2.8125, 39.0, 1.2024793388429753, 1.0, 10.333333333333334, 2.0]

WORKLOAD-FINISHED | Type: QueryWorkload | Progress: 45/50 | Workload-time: 4.202357 | Model-update-time: 0.000000

WORKLOAD-FINISHED | Type: DataUpdateWorkload | Progress: 46/50 | Workload-time: 6.953654 | Model-update-time: 10.818544

ReportEsts: [3.5, 31.0, 45.0, 3.019230769230769, 2.3333333333333335, 9.0, 31.5, 1.2745632636574775, 1.0, 1.0, 1.0, 1.1618384436835558, 1.0, 1.0, 1.0, 1.0, 6.892857142857143, 19.0, 1.6366718027734977, 1.0, 48.0, 1.3051948051948052, 1.0, 1.0, 1.0096153846153846, 3.027027027027027, 1.0588235294117647, 1.0523383084577114, 1.0534351145038168, 1.0, 2.902325581395349, 1.0, 1.0, 1.2614089499335401, 1.44, 1.3961091596865711, 1.0720770288858321, 1.8840579710144927, 1.0671396801863815, 1.0, 1.0, 2.675438596491228, 1.5, 1.1027960711155065, 3.3365384615384617, 1.0, 1.0, 1.0, 2.0, 15.0]

WORKLOAD-FINISHED | Type: QueryWorkload | Progress: 47/50 | Workload-time: 4.270408 | Model-update-time: 0.000000

ReportEsts: [1.0, 1.0, 9.0, 19.0, 1.0, 1.0, 1.0649017933390266, 1.2476772159774359, 1.0, 65.0, 27.0, 21.0, 3.0, 1.0, 1.0, 1.0, 1.0, 128.33333333333334, 4.925190839694657, 1.0, 1.4295774647887325, 1.0, 1.0672782874617737, 4.830188679245283, 32.0, 1.0, 2.0, 1.0, 1.0, 1.4512820512820512, 2.4054054054054053, 1.1586538461538463, 4.769230769230769, 1.0, 1.0, 1.0, 27.666666666666668, 1.0, 1.0, 1.5863013698630137, 2.0, 1.0, 1.0, 1.0, 3.0, 2.9166666666666665, 4.264900662251655, 1.062151804978585, 1.0, 1.5263386637010903]

WORKLOAD-FINISHED | Type: QueryWorkload | Progress: 48/50 | Workload-time: 4.126021 | Model-update-time: 0.000000

ReportEsts: [1.4, 1.0, 1.0, 6.568281938325991, 3.770208511853756, 1.0, 1.0, 66.0, 1.0, 1.130563446969697, 1.0, 18.62686567164179, 124.0, 1.0, 1.0, 3.5185185185185186, 1.0, 1.1244444444444444, 2.625, 1.0, 2.3333333333333335, 1.0, 2.2916666666666665, 2.0, 18.0, 1.0, 1.0442367601246105, 2.125, 5.114285714285714, 1.1805929919137466, 1.0, 3.0, 1.8020746436473105, 1.2254901960784315, 3.033333333333333, 1.1816455696202532, 20.0, 1.5151719487525286, 3.0851063829787235, 4.0, 1.0, 1.0, 1.0, 1.0, 1.4129353233830846, 1.2809674027339641, 2.0, 2.0, 9.0, 6.75]

WORKLOAD-FINISHED | Type: QueryWorkload | Progress: 49/50 | Workload-time: 4.127775 | Model-update-time: 0.000000

ReportEsts: [1.0, 3.0, 1.0, 1.6328125, 3.0, 1.0, 1.0, 1.0, 68.0, 1.8, 1.0, 1.0, 1.0, 1.0365296803652968, 1.518018018018018, 1.0, 3.6666666666666665, 1.030467899891186, 1.0, 6.0, 42.0, 1.3204008016032065, 1.5339805825242718, 1.035391112004826, 5.285714285714286, 1.1221288515406163, 1.141390452366062, 1.427860696517413, 1.0714285714285714, 2.0, 1.0, 1.134709931170108, 1.0, 1.0, 1.270411528898361, 1.2058823529411764, 3.1904761904761907, 2.0, 23.0, 1.0, 1.0, 1.0, 7.393939393939394, 4.111111111111111, 4.094674556213017, 1.0, 2.0, 17.0, 2.0, 1.0]

WORKLOAD-FINISHED | Type: QueryWorkload | Progress: 50/50 | Workload-time: 4.132065 | Model-update-time: 0.000000

Experiment Summary: #drift=18 | total-time=454.608008




Sum of Model-update-time = 190.1541
The 1st    ReportEsts -> max: 134.0000	99th: 110.4800	95th: 46.2000	median: 1.1456	mean: 7.5045
2nd to end ReportEsts -> max: 713.0000	99th: 132.0200	95th: 39.8750	median: 1.2160	mean: 8.3164
