Input arguments = Namespace(data_update='sample', dataset='forest', debug=False, drift_test='js', model_update='adapt', model='naru', random_seed=42, num_workload=50)

ReportEsts: [1.0, 1.3629901960784314, 1.0, 1.4047619047619047, 2.6666666666666665, 1.0, 1.292929292929293, 1.0, 1.0798771121351767, 1.0, 1.1194029850746268, 66.0, 1.0, 2.5, 2.0303030303030303, 1.2027027027027026, 1.0, 22.0, 1.127659574468085, 1.303030303030303, 1.0, 134.0, 1.0, 1.0, 1.589873417721519, 1.0, 1.0231189575451871, 4.0, 1.0, 3.5, 1.5, 1.0, 1.0, 1.0, 1.0, 2.0, 1.0, 86.0, 1.0, 1.5, 2.0, 1.0, 2.4285714285714284, 1.0, 1.3983739837398375, 3.0896860986547083, 1.0, 2.0, 1.0, 1.0]

WORKLOAD-FINISHED | Type: QueryWorkload | Progress: 1/50 | Workload-time: 4.066654 | Model-update-time: 0.000000

Mean JS divergence: 0.0427

WORKLOAD-FINISHED | Type: DataUpdateWorkload | Progress: 2/50 | Workload-time: 3.390389 | Model-update-time: 0.000000

ReportEsts: [1.0, 1.3333333333333333, 1.75, 1.0, 1.2397260273972603, 1.0, 1.2255115125160283, 3.5, 1.0, 1.5, 1.266166325524979, 1.0, 1.0, 1.0, 1.0, 1.0, 1.0, 1.0, 1.0, 1.0, 1.0, 1.6451612903225807, 3.077777777777778, 1.0, 1.0, 41.0, 1.0, 1.0845070422535212, 1.0709708593752467, 5.5, 2.0, 1.0, 1.0, 1.0, 1.0, 1.5, 80.0, 1.2857142857142858, 1.0, 1.0, 1.0, 1.0, 64.0, 1.56, 1.0, 1.1851851851851851, 1.1717820529046956, 1.0909090909090908, 1.4285714285714286, 1.0]

WORKLOAD-FINISHED | Type: QueryWorkload | Progress: 3/50 | Workload-time: 4.042419 | Model-update-time: 0.000000

ReportEsts: [1.038293216630197, 1.0, 1.5, 1.5, 1.0, 2.0, 1.0, 18, 1.458235294117647, 3.0, 1.0571428571428572, 1.2359268929503917, 1.0, 19.0, 1.3486842105263157, 1.1892515661061656, 1.2427184466019416, 1.0, 7.080459770114943, 1.3304498269896194, 1.0, 1.0, 1.1524689991142605, 2.0, 15.0, 1.0421903052064632, 1.0, 1.0, 1.0, 1.4, 1.229313998884551, 1.0, 1.6964705882352942, 32.0, 1.0, 6.0, 1.743083003952569, 1.150506512301013, 1.0, 2.0, 2.0, 1.0, 2.5, 1.55470737913486, 1.1678984271366306, 1.0, 23.0, 4.0, 2.25, 66.0]

WORKLOAD-FINISHED | Type: QueryWorkload | Progress: 4/50 | Workload-time: 4.014620 | Model-update-time: 0.000000

Mean JS divergence: nan

WORKLOAD-FINISHED | Type: DataUpdateWorkload | Progress: 5/50 | Workload-time: 3.310748 | Model-update-time: 0.000000

ReportEsts: [184, 1.0, 1.1288659793814433, 1.2842757552285051, 1.0, 4.0, 1.0018183605268332, 1.0, 1.271111111111111, 1.6156996587030716, 168.0, 1.0, 2.4285714285714284, 1.25, 1.103448275862069, 113.0, 2.111111111111111, 1.4364035087719298, 1.0, 1.0501847290640394, 2.1333333333333333, 6.0, 1.0, 411.0, 1.7964316423043851, 1.0, 1.5, 34.0, 1.3157894736842106, 1.2488953161404355, 1.0, 1.0, 1.0, 1.0, 1.1035714285714286, 56.0, 1.4, 1.1666666666666667, 1.0, 68.5, 1.460122699386503, 2.260169443976884, 1.0, 1.0, 1.0, 1.0, 1.0, 1.4727945060750132, 1.0, 1.0]

WORKLOAD-FINISHED | Type: QueryWorkload | Progress: 6/50 | Workload-time: 4.038548 | Model-update-time: 0.000000

ReportEsts: [1.0276073619631902, 1.0, 1.0, 1.0, 1.2485355648535565, 1.0, 1.0, 1.0, 1.0, 1.0, 1.5265512232239618, 1.0, 1.0, 9.0, 10.0, 1.736842105263158, 1.311581564494582, 1.4210526315789473, 1.0, 1.0482758620689656, 1.0, 1.033003300330033, 1.0272108843537415, 1.0, 1.0421681550785227, 2.0, 17.0, 1.023851826354044, 1.2660550458715596, 8.0, 1.5985208663497095, 1.0, 1.0, 1.1666666666666667, 82.0, 1.0322616058073635, 1.0, 1.0, 1.4031945788964182, 1.0, 1.0454545454545454, 1.0, 1.0, 1.0580645161290323, 1.1894082380370823, 1.0, 1.0, 2.0, 1.0156724320508295, 1.2869389813414018]

WORKLOAD-FINISHED | Type: QueryWorkload | Progress: 7/50 | Workload-time: 4.012636 | Model-update-time: 0.000000

ReportEsts: [1.244541484716157, 1.0403315749811606, 1.0, 1.0, 1.5636363636363637, 20.0, 1.0, 59.0, 1.0, 2.6395824127264693, 1.2156352788189397, 1.5, 3.0, 1.0229046836483155, 1.0, 1.3106796116504855, 1.5, 1.340062770379167, 52.0, 1.0, 13.0, 1.0, 1.0, 1.0, 1.0, 1.0, 1.1389287532984584, 1.0, 1.0, 2.5, 65.0, 1.446613788895668, 1.0, 1.0420655642587757, 4.495575221238938, 1.0666666666666667, 1.6666666666666667, 1.1219154603836703, 1.0, 1.0, 1.0, 87.0, 1.2445736434108527, 1.0, 2.25, 2.0, 3.0, 1.0, 1.3636363636363635, 1.0416666666666667]

WORKLOAD-FINISHED | Type: QueryWorkload | Progress: 8/50 | Workload-time: 4.050640 | Model-update-time: 0.000000

ReportEsts: [1.3214285714285714, 1.0, 1.0, 2.9689551316703993, 1.0, 1.0, 1.2021090201168072, 10.0, 1.3419633225458467, 1.0, 1.4337936636880584, 1.1944866198519644, 61, 1.0, 1.3458646616541354, 4.0, 1.2367758186397986, 1.0, 1.0, 1.0, 75.5, 1.0, 1.0, 3.0, 1.1926605504587156, 1.1205275868474829, 1.0, 2.2777777777777777, 2.0, 1.0841121495327102, 1.175, 1.0, 1.7567567567567568, 1.1666666666666667, 217.0, 6.0, 2.0, 1.0, 3.0, 1.0, 1.3017241379310345, 1.2689176564793807, 1.4372017292684296, 1.0, 1.0, 1.1686746987951808, 1.4838709677419355, 1.4734042553191489, 1.0850493889167923, 1.2159219433143706]

WORKLOAD-FINISHED | Type: QueryWorkload | Progress: 9/50 | Workload-time: 4.022511 | Model-update-time: 0.000000

Mean JS divergence: 0.0432

WORKLOAD-FINISHED | Type: DataUpdateWorkload | Progress: 10/50 | Workload-time: 3.314525 | Model-update-time: 0.000000

ReportEsts: [1.2, 1.0, 1.6666666666666667, 1.7777777777777777, 3.429899302865995, 1.6666666666666667, 1.7142857142857142, 2.0, 1.116064924090101, 2.460526315789474, 2.0, 1.2195767195767195, 8.181818181818182, 37.0, 1.1393264982912394, 2.0, 1.099236641221374, 1.1666666666666667, 1.3333333333333333, 1.0, 2.0, 125.0, 258.2857142857143, 1.1350844277673546, 1.0, 1.0, 116, 1.002696929775676, 1.0, 1.0, 1.5433243425488874, 1.2480281389895544, 42.5, 1.3850865730153545, 1.619047619047619, 1.0, 1.0, 1.6666666666666667, 1.0, 1.34, 1.2951977401129944, 2.0, 1.0, 1.0, 1.1820381009978833, 3.0, 90.0, 1.016, 1.0129305621507105, 1.2596153846153846]

WORKLOAD-FINISHED | Type: QueryWorkload | Progress: 11/50 | Workload-time: 4.102749 | Model-update-time: 0.000000

Mean JS divergence: 0.0439

WORKLOAD-FINISHED | Type: DataUpdateWorkload | Progress: 12/50 | Workload-time: 3.415112 | Model-update-time: 0.000000

Mean JS divergence: 0.0443

WORKLOAD-FINISHED | Type: DataUpdateWorkload | Progress: 13/50 | Workload-time: 3.340114 | Model-update-time: 0.000000

Mean JS divergence: 0.0447

WORKLOAD-FINISHED | Type: DataUpdateWorkload | Progress: 14/50 | Workload-time: 3.425255 | Model-update-time: 0.000000

ReportEsts: [3.0476190476190474, 1.9, 1.1802741409623951, 1.0, 1.0, 3.0, 6.317460317460317, 1.25, 23.0, 3.0, 1.0, 108.0, 1.1818181818181819, 1.0950997325086202, 31.0, 1.0, 47.0, 1.0304889927917398, 1.0, 1.0, 1.0, 1.0, 1.375, 1.0, 17.5, 1.0, 1.6991150442477876, 1.24, 1.6285714285714286, 1.0, 3.0, 5.0, 2.0, 2.0, 73.0, 1.0, 1.2327887055837563, 1.0, 1.75, 1.1246537396121883, 161.0, 6.481481481481482, 153.0, 1.619047619047619, 1.3888888888888888, 1.0236220472440944, 32.0, 1.1453287197231834, 1.0, 1.0192307692307692]

WORKLOAD-FINISHED | Type: QueryWorkload | Progress: 15/50 | Workload-time: 4.114028 | Model-update-time: 0.000000

Mean JS divergence: 0.0449

WORKLOAD-FINISHED | Type: DataUpdateWorkload | Progress: 16/50 | Workload-time: 3.483611 | Model-update-time: 0.000000

ReportEsts: [1.0, 214.0, 1.0, 55.0, 1.4126193441261934, 1.7068493150684931, 1.3, 1.5, 1.0, 1.1346153846153846, 1.1296296296296295, 1.0, 14.0, 1.0151133501259446, 1.4718543046357615, 1.0, 1.0, 1.0, 2.7333333333333334, 1.0, 1.2292720903075127, 1.0, 1.0, 1.0, 1.251987281399046, 1.1749824314827828, 9.028608582574773, 1.2095576364223442, 1.2836990595611286, 1.3943661971830985, 1.3076923076923077, 1.0, 1.8, 69.75, 1.172514703772773, 1.5333333333333334, 1.3333333333333333, 1.5, 1.0, 1.0, 1.201768192625833, 1.0, 1.0, 40.0, 1.0, 1.0, 1.0, 27.0, 1.0, 1.0]

WORKLOAD-FINISHED | Type: QueryWorkload | Progress: 17/50 | Workload-time: 4.069690 | Model-update-time: 0.000000

ReportEsts: [1.9273060476481367, 1.0, 1.0, 1.4191283292978207, 1.0930232558139534, 1.0, 1.0, 1.1642226651480638, 1.0638297872340425, 1.0, 1.696629213483146, 2.0, 1.528301886792453, 27.384615384615383, 207.0, 1.4232936756418284, 1.0, 1.8, 1.0, 2.0, 2.142857142857143, 1.3652173913043477, 1.181375168703182, 1.0, 713.0, 1.0, 38.0, 1.0, 1.0, 50.0, 2.0, 1.0, 1.1971830985915493, 1.0, 1.0, 1.0, 1.4056603773584906, 1.5, 2.473684210526316, 2.043010752688172, 1.0, 1.0, 1.1379857256145915, 1.0, 1.0, 1.5111350574712643, 1.0, 3, 4.625, 1.0]

WORKLOAD-FINISHED | Type: QueryWorkload | Progress: 18/50 | Workload-time: 4.046571 | Model-update-time: 0.000000

ReportEsts: [1.02371979605409, 2.6666666666666665, 1.1528948847667229, 19.0, 2.751685393258427, 3.0, 21.0, 1.0, 578.0, 1.0, 26, 1.0245134261173743, 1.3333333333333333, 1.904494382022472, 1.0, 1.0, 1.0, 82.0, 1.03125, 1.0, 1.0, 1.0, 1.2222222222222223, 13.0, 1.5469498562759503, 1.0, 1.9, 1.0, 1.25, 1.060704255778786, 76.0, 1.0, 1.0, 1.0, 1.0, 2.9315068493150687, 1.0, 1.0, 1.0706083718695574, 1.5285714285714285, 1.0, 34.77272727272727, 1.5, 1.0, 2.5, 1.0, 1.0, 1.2974203338391501, 1.0, 1.0]

WORKLOAD-FINISHED | Type: QueryWorkload | Progress: 19/50 | Workload-time: 4.060340 | Model-update-time: 0.000000

ReportEsts: [1.0, 1.3333333333333333, 633.0, 1.0, 1.6, 2.0, 1.029810298102981, 1.0, 1.0, 1.1976047904191616, 1.1791698891466873, 1.0, 1.260597439544808, 1.2309591826853241, 35.0, 3.2, 1.4390285616555498, 1.0, 1.0, 14.0, 1.1060402776446752, 1.3943661971830985, 1.0, 1.0, 1.0, 1.0, 1741.0, 1.041025641025641, 1.3333333333333333, 1.0, 1.030403430130579, 1.5315315315315314, 1.0, 1.0, 1.0, 2.642857142857143, 1.5, 2.0, 1.2920353982300885, 7.0, 1.8723544973544974, 52, 1.0, 4.5, 1.0, 1.0, 1.0, 1.0, 1.0, 1.4972094221357222]

WORKLOAD-FINISHED | Type: QueryWorkload | Progress: 20/50 | Workload-time: 4.129313 | Model-update-time: 0.000000

ReportEsts: [1.0, 1.0, 4.46539027982327, 1.0, 1.375, 1.0136986301369864, 1.2776064934247782, 3.0, 2.4344456404736277, 1.0, 2.0, 1821.75, 1.579625292740047, 1.25, 1.0, 1.200716845878136, 7.142857142857143, 95.0, 1.3019619865113428, 87.0, 1.210485305327348, 1.75, 1.0, 1.0, 1.0, 4.377358490566038, 1.0, 1.0, 1.625, 27.0, 36.0, 1.8602794411177646, 57.0, 1.7333333333333334, 26.0, 1.0, 1.0, 1.2598401894051494, 1.0, 1.232394366197183, 1.0, 1.0203392033270517, 1.5, 3.1666666666666665, 1.0, 1.0, 1.283655420897478, 1.1616412061105335, 1.5714285714285714, 1.0]

WORKLOAD-FINISHED | Type: QueryWorkload | Progress: 21/50 | Workload-time: 4.056764 | Model-update-time: 0.000000

ReportEsts: [1.0, 1.0, 1.1150159744408945, 1.0932203389830508, 1.3078626799557032, 1.289655172413793, 1.0, 1.0, 2.0, 32.0, 1.0, 1.0, 3.0, 1.0, 3.3333333333333335, 1.256472491909385, 1.1766467065868262, 1.1813478948124732, 1.0, 1.9, 1.0, 1.0, 1.0, 1.0, 1.0, 47.0, 1.3390528483184625, 16.0, 1.0, 1.0, 36.0, 1.0, 1.0384615384615385, 1.0, 1.0, 99.0, 191.0, 28.25, 1.0, 8.55, 1.2531645569620253, 1.3045045045045045, 2.1129032258064515, 1.3333333333333333, 1.2157751586582048, 1.2277227722772277, 1.5573770491803278, 1.0, 1.0, 1.0]

WORKLOAD-FINISHED | Type: QueryWorkload | Progress: 22/50 | Workload-time: 4.128565 | Model-update-time: 0.000000

Mean JS divergence: 0.0456

WORKLOAD-FINISHED | Type: DataUpdateWorkload | Progress: 23/50 | Workload-time: 3.438344 | Model-update-time: 0.000000

Mean JS divergence: 0.0459

WORKLOAD-FINISHED | Type: DataUpdateWorkload | Progress: 24/50 | Workload-time: 3.429459 | Model-update-time: 0.000000

ReportEsts: [2.5263135998668718, 1.1053484602917343, 1.0, 1.654054054054054, 1.0, 47.0, 1.088235294117647, 1.0689655172413792, 1.5714285714285714, 1.3529411764705883, 1.0, 1.8333333333333333, 1.191275167785235, 1.0, 1.0, 2.7450980392156863, 1.0, 1.0, 1.0, 1.0, 1.125067152880655, 1.8, 1.0, 33.5, 41.833333333333336, 1.0, 1.5, 1.0, 1.2564102564102564, 1.0, 1.1134020618556701, 1.0, 1.0666666666666667, 1.2188552188552189, 1.3946308724832215, 1.0, 1.0, 1.1308366571926725, 1.5959130340096548, 1.0, 1.2064879667175734, 1.0606060606060606, 1.0, 1.5, 1.0, 2.5833333333333335, 1.0, 1.0, 1.1133627019089574, 1.0031796502384738]

WORKLOAD-FINISHED | Type: QueryWorkload | Progress: 25/50 | Workload-time: 4.060917 | Model-update-time: 0.000000

Mean JS divergence: 0.0464

WORKLOAD-FINISHED | Type: DataUpdateWorkload | Progress: 26/50 | Workload-time: 3.458345 | Model-update-time: 0.000000

ReportEsts: [1.0, 1.7678187293847698, 1.5522388059701493, 1.0, 1.2957061841749933, 1.375, 2.5, 1.3225806451612903, 1.0, 1.3, 1.1608286669620915, 2.0, 1.0216871984636282, 3.0, 3.0, 3.0, 1.0, 1.0, 1.0, 1.4229508196721312, 3.1574074074074074, 1.2, 1.0, 2.0, 1.248353096179183, 1.4, 1.5, 2.0, 1.0, 1.0, 37.0, 1.419247260600286, 11.0, 1.1685863048280214, 43.0, 1.1837776882803062, 1.0, 1.0, 1.0, 1.0, 1.0, 1.0, 1.6666666666666667, 1.553191489361702, 1.0, 1.0, 1.5128205128205128, 1.4903846153846154, 1.1039260969976905, 1.0]

WORKLOAD-FINISHED | Type: QueryWorkload | Progress: 27/50 | Workload-time: 4.043094 | Model-update-time: 0.000000

Mean JS divergence: 0.0465

WORKLOAD-FINISHED | Type: DataUpdateWorkload | Progress: 28/50 | Workload-time: 3.541583 | Model-update-time: 0.000000

Mean JS divergence: 0.0470

WORKLOAD-FINISHED | Type: DataUpdateWorkload | Progress: 29/50 | Workload-time: 3.528252 | Model-update-time: 0.000000

Mean JS divergence: 0.0470

WORKLOAD-FINISHED | Type: DataUpdateWorkload | Progress: 30/50 | Workload-time: 3.536651 | Model-update-time: 0.000000

Mean JS divergence: 0.0476

WORKLOAD-FINISHED | Type: DataUpdateWorkload | Progress: 31/50 | Workload-time: 3.527609 | Model-update-time: 0.000000

ReportEsts: [1.2837406224467058, 1.1174377224199288, 1.0, 1.2, 3.0, 1.0, 2.0, 1.0, 1.3428571428571427, 1.0, 1.0, 1.0, 17.0, 3.5616438356164384, 1.3500551267916208, 1.0307692307692307, 1.0, 1.0, 1.0, 1.0, 2.0, 1.0, 1.4014814814814816, 1.0443159922928709, 7.333333333333333, 1.0, 1.2242938639209684, 1.3009708737864079, 1.0, 1.125, 1.2316715542521994, 1.0869565217391304, 1.0, 2.0, 1.2, 5.0, 1.0, 1.0, 2.0, 1.0, 1.0237033149654509, 1.0, 1.1733758469509765, 1.0, 141.0, 2.2413793103448274, 1.9166666666666667, 1.4428571428571428, 4.0, 1.0]

WORKLOAD-FINISHED | Type: QueryWorkload | Progress: 32/50 | Workload-time: 4.013538 | Model-update-time: 0.000000

ReportEsts: [1.0, 2.125, 1.7951807228915662, 1.0, 1.3186902733535817, 1.0, 4.0, 1.1486910994764399, 1.0, 1.2, 28.8, 35.0, 1.0, 34.0, 1.1843575418994414, 1.0, 1.0, 1.0, 1.1518181818181819, 1.0, 1.0311729443368636, 1.358327237259205, 3.0, 1.4711538461538463, 62.0, 1.0, 1.05, 1.0, 4.0, 1.0, 1.199442767587648, 1.6111111111111112, 2.75, 1.3908045977011494, 1.1618497109826589, 1.4768211920529801, 2.5, 1.0, 1.0, 1.4043130165289257, 1.1347517730496455, 1.46301775147929, 1.0200052645433009, 1.0769230769230769, 1.0, 1.4579439252336448, 1.0, 1.4602476209966233, 2.6363636363636362, 1.5434782608695652]

WORKLOAD-FINISHED | Type: QueryWorkload | Progress: 33/50 | Workload-time: 4.016804 | Model-update-time: 0.000000

ReportEsts: [1.0, 1.1795357650402654, 1.0, 5.0, 1.0, 1.1594267801164353, 1.0, 1.0757575757575757, 1.0, 1.2536432984227481, 1.0, 1.0, 1.0, 2.5625, 1.0, 1.0, 1.0, 1.0, 1.0643923240938167, 1.2057167471770098, 1.0, 1.0, 1.0, 1.0, 1.0, 1.5116279069767442, 1.027027027027027, 1.25, 83.0, 2.0, 1.1956521739130435, 1.0, 2.0, 1.1602251624883937, 1.0, 1.2714201470792286, 1.1402439024390243, 3.75, 1.0, 1.0, 1.0, 17.764705882352942, 2.326450344149459, 1.0, 1.2345679012345678, 1.2406426251922749, 1.0, 1.0, 2.3728813559322033, 1.0842105263157895]

WORKLOAD-FINISHED | Type: QueryWorkload | Progress: 34/50 | Workload-time: 4.050213 | Model-update-time: 0.000000

Mean JS divergence: 0.0480

WORKLOAD-FINISHED | Type: DataUpdateWorkload | Progress: 35/50 | Workload-time: 3.606596 | Model-update-time: 0.000000

ReportEsts: [1.0, 1.2413793103448276, 1.0, 19.333333333333332, 21.75, 1.0, 1.0465116279069768, 1.0, 61.0, 4.4, 3.1666666666666665, 1.0, 36.0, 1.0, 1.4705882352941178, 1.0, 47.0, 1.0, 1.2, 1.0, 1.0, 2.128841898205065, 2.5, 1.0, 1.1263345195729537, 1.7859327217125383, 1.0, 1.2140121913097843, 1.0, 1.0, 1.073796683295133, 1.0, 2.5, 1.0, 1.1470588235294117, 1.5, 1.193510013552176, 1.0, 1.0, 1.1603712441344982, 1.1497757847533632, 1.0, 3.0, 8.0, 3.6666666666666665, 1.0, 1.0, 1.1121455776555227, 1.1290322580645162, 1.0]

WORKLOAD-FINISHED | Type: QueryWorkload | Progress: 36/50 | Workload-time: 4.042464 | Model-update-time: 0.000000

ReportEsts: [1.128659793814433, 1.0, 11.0, 1.6, 1.0, 1.728937728937729, 2.1538461538461537, 1.0, 1.0976272150436344, 1.126634768740032, 1.1728971962616823, 1.0, 2.0, 1.0, 1.0, 1.0, 1.7, 1.0, 1.0232558139534884, 2.3333333333333335, 1.0, 1.6666666666666667, 2.0833333333333335, 1.1578947368421053, 1.25, 1.0, 1.3200934579439252, 3.210526315789474, 1.0, 1.0, 1.0218978102189782, 307.0, 46.0, 1.2326555023923444, 1.0, 1.0, 8.521875, 1.25, 1.25, 1.0, 58.0, 1.71875, 1.0613154960981048, 1.0961804433529374, 1.252112049799911, 1.9597027529133593, 1.25, 1.0112, 1.0, 1.0]

WORKLOAD-FINISHED | Type: QueryWorkload | Progress: 37/50 | Workload-time: 4.086340 | Model-update-time: 0.000000

Mean JS divergence: 0.0481

WORKLOAD-FINISHED | Type: DataUpdateWorkload | Progress: 38/50 | Workload-time: 3.633899 | Model-update-time: 0.000000

ReportEsts: [1.0, 1.0, 1.2277987278877434, 1.3333333333333333, 1.0457516339869282, 1.0740740740740742, 1.0566037735849056, 1.1757751165897214, 1.0, 1.2142857142857142, 28.666666666666668, 1.0, 1.0, 1.0, 1.200836820083682, 1.5051819881240378, 1.521551724137931, 3.052287581699346, 1.3333333333333333, 1.0, 7.0, 1.2362002567394095, 2.388888888888889, 1.0, 17.0, 1.3170731707317074, 1.875, 2.742138364779874, 1.0, 1.25, 1.0, 1.125, 1.5, 6.0, 1.7755102040816326, 35.0, 16.0, 1.0, 1261.0, 2.4, 1.3333333333333333, 6.0, 1.0, 5.0, 1.2729180878417379, 2.9302325581395348, 1.0, 320.0, 1.0, 1.0]

WORKLOAD-FINISHED | Type: QueryWorkload | Progress: 39/50 | Workload-time: 4.025479 | Model-update-time: 0.000000

Mean JS divergence: 0.0483

WORKLOAD-FINISHED | Type: DataUpdateWorkload | Progress: 40/50 | Workload-time: 3.603838 | Model-update-time: 0.000000

ReportEsts: [1661.0, 1.0, 3.0, 1.0, 1.36986301369863, 1.0, 2.0810955961331903, 1.1637508747375787, 1.0, 1.0, 1.0, 1.5, 2.0, 1.1085972850678734, 1.5, 1.4628422425032594, 1.0, 1.0120298097548863, 1.0, 110.0, 182.0, 131.0, 2.2, 717.0, 1.0780141843971631, 2.0, 2.227272727272727, 1.7164634146341464, 2.6153846153846154, 1.2220270783910245, 1.0, 1.0, 1.0507834093030421, 1.008066379177576, 1.0, 1.2301587301587302, 1.1274900398406376, 1.4724137931034482, 1.25, 1.0196078431372548, 1.4151193633952255, 3.6666666666666665, 3.5, 1.0, 1.132228347330645, 2.0, 1.2466180076301914, 2.9019607843137254, 1.0, 2.0]

WORKLOAD-FINISHED | Type: QueryWorkload | Progress: 41/50 | Workload-time: 4.107429 | Model-update-time: 0.000000

ReportEsts: [5.0, 1.0, 56.0, 1.0, 1.0623885918003566, 1.5, 1.1845519149139123, 11.5, 1.0, 1.0, 1.0, 12.0, 1.1875, 1.0, 5.203703703703703, 1.1932819383259912, 3.0, 1.0, 1.0, 1.123907615480649, 18.0, 2.0, 16.0, 1.5115681233933163, 1.2210884353741496, 1.0, 1.0, 1.5748502994011977, 1.1880199487218321, 1.0, 1.0, 19.0, 1.2088452088452089, 1.5454545454545454, 1.028056112224449, 1.0, 2.0, 1.0, 1.0, 1.0, 1.8038162544169611, 1.0, 1.1477272727272727, 1.0, 25.0, 1.2222944805736202, 1.400126823081801, 1.0, 2.1818181818181817, 1.0]

WORKLOAD-FINISHED | Type: QueryWorkload | Progress: 42/50 | Workload-time: 3.989737 | Model-update-time: 0.000000

ReportEsts: [1.5789473684210527, 1.0, 1.0, 1.0, 2.4872611464968153, 1.0, 2.4, 1.2560792900772155, 2.0, 2.0, 1.0, 1.0, 1.5714285714285714, 136.0, 1.0769230769230769, 1.5846091452904796, 1.0, 1.2120031176929071, 1.8461538461538463, 1.0, 1.0, 2.0, 1.0, 1.253322908522283, 1.352193718532726, 1.0, 1.2, 1.0, 1.3095238095238095, 1.6774193548387097, 1.0, 1.6, 1.1195652173913044, 1.4855595667870036, 1.0, 53.0, 28.0, 2.5714285714285716, 1.2799004538134973, 1.0, 1.1257419213013848, 1.0, 1.3333333333333333, 1.2004405286343611, 16.5, 1.0, 1.51, 2.0, 1.3333333333333333, 19.0]

WORKLOAD-FINISHED | Type: QueryWorkload | Progress: 43/50 | Workload-time: 4.031357 | Model-update-time: 0.000000

ReportEsts: [1.0, 1.0, 1.0, 1.0, 1.0, 1.0, 1.0, 1.1768853959196857, 5.9523809523809526, 1.0, 1.0548983924780102, 5.6, 1.2389937106918238, 1.0, 1.2, 4.0, 1.0, 1.0076923076923077, 2.1176470588235294, 1.0, 1.1681761006289308, 1.2380952380952381, 15.0, 1.8787507654623392, 60, 1.6923076923076923, 2.0, 2.8, 1.4444444444444444, 1.0004559080689484, 1.0, 1.0, 1.0, 1.2410714285714286, 1.0, 1.0384615384615385, 1.0, 2.0, 2.0, 1.5314401622718052, 1.0, 1.0, 1.0, 140.0, 1.0, 1.0, 1.2164824023560084, 1.0, 18.0, 1.0]

WORKLOAD-FINISHED | Type: QueryWorkload | Progress: 44/50 | Workload-time: 4.062277 | Model-update-time: 0.000000

ReportEsts: [1.0, 3.5, 1.0651130911583275, 1.2838691159586682, 3.0, 2.0, 1.0, 1.0, 1.1290322580645162, 1.0, 1.0, 1.0, 87.0, 1.2213497562227353, 1.0, 1.0, 1.5030120481927711, 253.0, 1.0, 1.0, 2.6666666666666665, 2.0, 1.0, 2.0, 2.5555555555555554, 1.0, 1.0783633841886269, 133.0, 1.7142857142857142, 1.0, 1.0, 1.6666666666666667, 1.4, 1.3360995850622406, 1.0056497175141244, 100.0, 1.0625, 1.0, 2.0, 3.0, 1.0, 1.0393938810018162, 1.1283422459893049, 18.214285714285715, 1.875, 39.0, 1.0826446280991735, 1.0, 62.0, 2.0]

WORKLOAD-FINISHED | Type: QueryWorkload | Progress: 45/50 | Workload-time: 4.066760 | Model-update-time: 0.000000

Mean JS divergence: 0.0488

WORKLOAD-FINISHED | Type: DataUpdateWorkload | Progress: 46/50 | Workload-time: 3.664622 | Model-update-time: 0.000000

ReportEsts: [3.0, 31.0, 3.2142857142857144, 1.246031746031746, 2.357142857142857, 1.2777777777777777, 31.5, 1.1635531320475276, 1.0, 1.0, 1.0, 1.2353069416124853, 2.0, 1.0, 1.0, 1.0, 193.0, 19.0, 1.3338356250392416, 1.0, 48.0, 1.1043956043956045, 1.0, 1.0, 1.2083333333333333, 1.864864864864865, 1.9574468085106382, 1.5851318944844124, 1.5507246376811594, 1.0, 1.4144736842105263, 1.0, 1.0, 1.2658396101019052, 1.1066666666666667, 1.2414704469005287, 1.1086770981507823, 1.2608695652173914, 1.3553636995137441, 1.0, 1.0, 1.5555555555555556, 1.0, 1.0510636789945547, 1.3, 1.0, 1.0, 1.0, 1.0769230769230769, 15.0]

WORKLOAD-FINISHED | Type: QueryWorkload | Progress: 47/50 | Workload-time: 4.039613 | Model-update-time: 0.000000

ReportEsts: [1.0, 1.0, 1.8, 19, 1.0, 1.0, 1.2672929120409906, 1.0989353479442492, 1.0, 65.0, 27.0, 21.0, 2.0, 1.0, 1.0, 1.0, 1.0, 96.25, 1.9094406629180232, 1.0, 1.2640845070422535, 1.0, 1.0143266475644699, 2560.0, 32.0, 1.0, 2.0, 1.0, 1.0, 1.2461538461538462, 4.767857142857143, 1.1885714285714286, 1.9758064516129032, 1.0, 1.0, 1.0, 3.0, 1.0, 1.0, 1.2193436960276338, 2.0, 1.6, 3.0, 1.0, 3.0, 2.5, 1.0927152317880795, 1.0045084210865294, 1.0, 1.237146900935456]

WORKLOAD-FINISHED | Type: QueryWorkload | Progress: 48/50 | Workload-time: 4.073053 | Model-update-time: 0.000000

ReportEsts: [1.4, 1.0, 1.0, 6.264705882352941, 1.0899742930591259, 1.0, 2.0, 66.0, 1.0, 1.1805160984848484, 1.0, 1.1754385964912282, 124.0, 1.0, 1.0, 1.0736842105263158, 1.0, 1.4088888888888889, 1.9090909090909092, 2.0, 2.0476190476190474, 1.0, 1.290909090909091, 1.0, 18.0, 1.0, 5.4965753424657535, 1.0625, 3.7291666666666665, 1.0422374429223744, 1.0, 1.5, 1.5521227078191873, 1.045400238948626, 1.0705882352941176, 1.1435457953936796, 20.0, 1.341874578556979, 1.0820895522388059, 1.0, 1.0, 1.0, 1.0, 1.0, 1.832258064516129, 1.2770417104801963, 2.0, 2.0, 9.0, 6.75]

WORKLOAD-FINISHED | Type: QueryWorkload | Progress: 49/50 | Workload-time: 4.065701 | Model-update-time: 0.000000

ReportEsts: [1.0, 1.0, 1.0, 1.4609375, 6.0, 1.0, 1.0, 1.0, 68.0, 4.5, 1.0, 1.0, 1.0, 1.1621004566210045, 1.2131147540983607, 1.0, 3.235294117647059, 1.14689880304679, 1.0, 6.0, 42.0, 1.0400376396308888, 2.0256410256410255, 1.0713691219309196, 1.7142857142857142, 1.3374937593609586, 1.2160631934614858, 1.127177700348432, 3.5, 2.0, 1.0, 1.058058925476603, 1.0, 1.0, 1.114883036484498, 1.3088235294117647, 3.1904761904761907, 3.0, 23.0, 1.0, 1.0, 1.0, 488.0, 2.3333333333333335, 3.642105263157895, 1.0, 2.0, 17.0, 1.75, 1.0]

WORKLOAD-FINISHED | Type: QueryWorkload | Progress: 50/50 | Workload-time: 3.980068 | Model-update-time: 0.000000

Experiment Summary: #drift=0 | total-time=192.425031




Sum of Model-update-time = 0.0000
The 1st    ReportEsts -> max: 134.0000	99th: 110.4800	95th: 46.2000	median: 1.0996	mean: 7.4824
2nd to end ReportEsts -> max: 2560.0000	99th: 215.5300	95th: 47.0000	median: 1.1731	mean: 15.4830
