Input arguments = Namespace(data_update='sample', dataset='forest', debug=False, drift_test='ddup', model_update='update', model='naru', random_seed=42, num_workload=50)

ReportEsts: [1.0, 1.2368772241992882, 1.0, 1.372093023255814, 2.6666666666666665, 1.0, 1.0350404312668464, 1.0, 1.0815384615384616, 1.0, 1.1194029850746268, 66.0, 1.0, 2.5, 2.0303030303030303, 1.1866666666666668, 4.0, 22.0, 1.509433962264151, 1.323076923076923, 1.0, 134.0, 1.0, 1.0, 1.630379746835443, 1.0, 1.062791016159956, 4.0, 1.0, 7.0, 1.25, 1.0, 1.0, 1.0, 1.0, 2.0, 1.0, 86.0, 1.0, 1.5, 2.0, 1.0, 2.125, 1.0, 1.7560975609756098, 3.131818181818182, 1.0, 2.0, 1.0, 1.0]

WORKLOAD-FINISHED | Type: QueryWorkload | Progress: 1/50 | Workload-time: 4.255164 | Model-update-time: 0.000000

WORKLOAD-FINISHED | Type: DataUpdateWorkload | Progress: 2/50 | Workload-time: 6.706962 | Model-update-time: 10.389149

ReportEsts: [1.0, 1.3333333333333333, 1.5, 1.0, 2.9494949494949494, 1.0, 1.2966772592964264, 3.25, 1.0, 1.0, 1.2363732848154045, 1.0, 1.0, 1.0, 1.0, 1.0, 1.0, 1.0, 1.0, 1.0, 1.0, 1.5, 1.9507042253521127, 1.0, 1.0, 41.0, 1.0, 1.3380281690140845, 1.05819447044873, 2.2, 2.0, 1.0, 1.0, 1.0, 1.0, 1.5, 80.0, 1.2857142857142858, 1.0, 1.0, 1.0, 1.0, 64.0, 1.56, 1.0, 1.103448275862069, 1.2078217947095304, 1.0227272727272727, 1.6607142857142858, 1.0]

WORKLOAD-FINISHED | Type: QueryWorkload | Progress: 3/50 | Workload-time: 4.225564 | Model-update-time: 0.000000

ReportEsts: [1.037158469945355, 1.0, 2.0, 1.5, 1.0, 2.0, 1.0, 18, 1.6373844121532364, 2.0, 1.2285714285714286, 1.1824543080939949, 1.0, 19.0, 1.0263157894736843, 1.1865131578947368, 1.1242718446601943, 1.0, 8.899086466964096, 1.3442906574394464, 1.0, 1.0, 1.1376687250669435, 1.0, 15.0, 1.038001196888091, 1.0, 1.0, 1.0, 1.75, 1.120780814277747, 1.0, 1.767156862745098, 32.0, 1.0, 6.0, 1.2546230440967283, 1.1837916063675833, 1.0, 2.0, 2.0, 1.0, 2.5, 1.3587786259541985, 1.176994504453288, 1.0, 23.0, 4.0, 2.2777777777777777, 66.0]

WORKLOAD-FINISHED | Type: QueryWorkload | Progress: 4/50 | Workload-time: 4.011019 | Model-update-time: 0.000000

WORKLOAD-FINISHED | Type: DataUpdateWorkload | Progress: 5/50 | Workload-time: 6.387902 | Model-update-time: 10.164526

ReportEsts: [184, 1.0, 1.2372881355932204, 1.3524399690162665, 1.0, 4.0, 1.0063036546480255, 1.0, 1.2666666666666666, 1.6870990734141127, 168.0, 1.0, 2.4285714285714284, 1.2307692307692308, 1.1372549019607843, 113.0, 2.2222222222222223, 1.4912280701754386, 1.0, 1.1068349753694582, 1.3636363636363635, 6.0, 1.0, 411.0, 1.7499127521462972, 1.0, 2.5, 34.0, 1.02, 1.2144291797220215, 1.0, 1.0, 1.0, 1.0, 1.1666666666666667, 56.0, 1.1666666666666667, 1.1666666666666667, 1.0, 68.5, 1.399095899257346, 2.5018942922799825, 1.0, 1.0, 1.0, 1.0, 1.0, 1.3380876914949815, 1.0, 1.0]

WORKLOAD-FINISHED | Type: QueryWorkload | Progress: 6/50 | Workload-time: 4.163877 | Model-update-time: 0.000000

ReportEsts: [1.1074626865671642, 1.0, 1.0, 1.0, 1.2795883361921099, 1.0, 1.0, 1.0, 1.0, 1.0, 1.4966655363400023, 1.0, 1.0, 9.0, 10.0, 1.0555555555555556, 1.2905575638076459, 1.5789473684210527, 1.0, 1.0069444444444444, 1.0, 1.0586245772266065, 1.0562913907284768, 1.0, 1.024813498719873, 1.0, 17.0, 1.040738876612558, 1.224770642201835, 8.0, 1.076069730586371, 1.0, 1.0, 1.2173913043478262, 82.0, 1.036331489950016, 1.0, 1.0, 1.1776379477250727, 1.0909090909090908, 1.0434782608695652, 1.0, 1.0, 1.0789473684210527, 1.0344176751415566, 1.0, 1.0, 2.0, 1.1104469312573853, 1.2633663366336634]

WORKLOAD-FINISHED | Type: QueryWorkload | Progress: 7/50 | Workload-time: 4.079424 | Model-update-time: 0.000000

ReportEsts: [1.179585152838428, 1.122170308967596, 1.0, 1.0, 2.5671641791044775, 20.0, 1.0, 59.0, 2.0, 3.045115656662206, 1.1204773196664881, 1.7142857142857142, 3.0, 1.0581347576006574, 1.0, 1.226768377253814, 3.0, 1.1327084570362203, 52.0, 1.0, 13.0, 1.0, 1.0, 1.0, 1.0, 1.0, 1.0116661265682145, 1.0, 1.0, 2.5, 65.0, 1.4112263575350823, 1.0, 1.177704918032787, 5.291666666666667, 3.4285714285714284, 1.6666666666666667, 1.0715716439176493, 1.0, 1.0, 1.0952380952380953, 87.0, 1.0426348757324713, 1.0, 2.0, 2.0, 2.0, 1.0, 1.0909090909090908, 2.6666666666666665]

WORKLOAD-FINISHED | Type: QueryWorkload | Progress: 8/50 | Workload-time: 4.040159 | Model-update-time: 0.000000

ReportEsts: [1.6071428571428572, 1.0, 1.0, 3.2201189379345005, 1.0, 1.0, 1.170944192083063, 10.0, 1.4498381877022655, 1.0, 1.3655564581640942, 1.1350351110267602, 61, 1.0, 1.2030075187969924, 4.0, 1.7411347517730495, 2.0, 1.0, 1.0, 75.5, 1.0, 1.0, 3.0, 1.0137614678899083, 1.0179780496700819, 1.0, 1.6111111111111112, 1.0, 1.0, 1.15, 1.0, 1.7567567567567568, 1.5, 217.0, 6.0, 2.0, 1.0, 3.0, 1.0, 1.4966887417218544, 1.079407446950487, 1.387410434575235, 1.0, 1.0, 1.2289156626506024, 1.3870967741935485, 1.6170212765957446, 1.1790067309441514, 1.2357062070595384]

WORKLOAD-FINISHED | Type: QueryWorkload | Progress: 9/50 | Workload-time: 4.139309 | Model-update-time: 0.000000

WORKLOAD-FINISHED | Type: DataUpdateWorkload | Progress: 10/50 | Workload-time: 6.566037 | Model-update-time: 10.508626

ReportEsts: [1.2, 1.0, 1.25, 1.5555555555555556, 2.8350116189000776, 1.0526315789473684, 1.7619047619047619, 1.0, 1.02185505726025, 2.3974358974358974, 2.0, 1.143167028199566, 1.3777777777777778, 37.0, 1.4672537149146945, 2.0, 1.0229007633587786, 1.3333333333333333, 1.3333333333333333, 1.0, 2.0, 62.5, 18.448979591836736, 1.3508442776735459, 1.0, 1.5, 116, 1.0090917807057331, 1.0, 1.0, 1.6633357558139534, 1.3424642933276487, 42.5, 1.3208101927474682, 1.2857142857142858, 1.0, 1.0, 1.6666666666666667, 1.0, 1.2407407407407407, 1.1622651425568256, 2.0, 1.0, 1.0, 1.0399428210132777, 3.0, 90.0, 1.31496062992126, 1.0045825861725444, 1.2596153846153846]

WORKLOAD-FINISHED | Type: QueryWorkload | Progress: 11/50 | Workload-time: 4.080822 | Model-update-time: 0.000000

WORKLOAD-FINISHED | Type: DataUpdateWorkload | Progress: 12/50 | Workload-time: 6.713420 | Model-update-time: 0.000000

WORKLOAD-FINISHED | Type: DataUpdateWorkload | Progress: 13/50 | Workload-time: 6.443887 | Model-update-time: 0.000000

WORKLOAD-FINISHED | Type: DataUpdateWorkload | Progress: 14/50 | Workload-time: 6.468154 | Model-update-time: 0.000000

ReportEsts: [3.0714285714285716, 2.2, 1.1852414522984485, 1.0, 1.0, 2.1, 5.746031746031746, 1.6666666666666667, 7.666666666666667, 3.0, 1.0, 108.0, 1.375, 1.180310389764246, 31.0, 1.0, 47.0, 1.2186830313656731, 1.0, 1.0, 2.0, 1.0, 1.9772727272727273, 1.0, 3.8, 1.0, 1.7777777777777777, 1.0869565217391304, 1.8874172185430464, 1.0, 3.0, 5.0, 2.0, 6.0, 73.0, 1.0, 1.3298223350253806, 1.0, 1.8863636363636365, 1.113573407202216, 161.0, 2.076923076923077, 153.0, 1.5, 1.2986111111111112, 1.0854700854700854, 24.0, 1.0609397944199705, 1.0, 1.5757575757575757]

WORKLOAD-FINISHED | Type: QueryWorkload | Progress: 15/50 | Workload-time: 4.085933 | Model-update-time: 0.000000

WORKLOAD-FINISHED | Type: DataUpdateWorkload | Progress: 16/50 | Workload-time: 6.442094 | Model-update-time: 10.184896

ReportEsts: [1.0, 214.0, 1.0, 55.0, 1.3381832481321274, 1.3274478330658106, 1.3, 1.5, 1.0, 1.0192307692307692, 1.2479091995221028, 1.0, 14.0, 1.1172607879924954, 1.4817880794701987, 1.0, 1.0, 1.0, 1.9, 1.0, 1.191124951342935, 1.0, 1.0, 1.0, 1.2107578166401696, 1.2392832044975404, 15.997695852534562, 1.0355720589818103, 1.3394984326018808, 1.1126760563380282, 1.1538461538461537, 1.0, 1.4444444444444444, 55.8, 1.1447711949505093, 1.3529411764705883, 1.1666666666666667, 1.0, 1.0, 1.0, 1.1672711304828662, 1.0, 1.0, 6.666666666666667, 1.0, 2.0, 1.0, 13.5, 1.0, 1.0]

WORKLOAD-FINISHED | Type: QueryWorkload | Progress: 17/50 | Workload-time: 4.018781 | Model-update-time: 0.000000

ReportEsts: [1.7814793901750423, 1.0, 1.0, 1.2368038740920098, 1.8695652173913044, 1.0344827586206897, 1.0, 1.3459243714767724, 1.146341463414634, 1.0, 1.6573033707865168, 2.0, 1.3278688524590163, 178.0, 103.5, 1.0, 1.0, 1.1333333333333333, 1.0, 2.0, 3.75, 1.8255813953488371, 1.235215260731334, 1.0, 713.0, 1.0, 38.0, 1.0, 1.0, 50.0, 1.0, 1.0, 1.2012072434607646, 1.0, 1.0, 1.0, 2.0818363273453095, 1.5, 2.611111111111111, 1.8446601941747574, 1.0, 1.0, 1.0887708649468892, 1.0, 1.0476190476190477, 1.1610991379310345, 1.0, 3, 2.5, 1.0]

WORKLOAD-FINISHED | Type: QueryWorkload | Progress: 18/50 | Workload-time: 4.025294 | Model-update-time: 0.000000

ReportEsts: [1.1361117268898249, 4.0, 1.2407743496672716, 19.0, 2.6853070175438596, 3.0, 21.0, 1.0, 578.0, 1.0, 26, 1.027634415182609, 1.3333333333333333, 1.527027027027027, 1.0, 1.0, 1.0, 109.33333333333333, 1.125, 1.0, 1.0, 1.0, 2.2, 13.0, 1.5161290322580645, 1.0, 1.5833333333333333, 1.0, 1.0, 1.269718127747608, 76.0, 1.0, 1.0, 1.0, 1.0, 2.9315068493150687, 1.0, 1.0, 1.0710347726863252, 1.4928571428571429, 1.0, 45.0, 1.75, 1.0, 1.3333333333333333, 1.0, 1.0, 1.464339908952959, 1.0, 1.0]

WORKLOAD-FINISHED | Type: QueryWorkload | Progress: 19/50 | Workload-time: 3.989808 | Model-update-time: 0.000000

ReportEsts: [1.0, 1.3333333333333333, 633.0, 1.0, 1.3333333333333333, 2.0, 1.0157894736842106, 1.0, 1.0, 1.2035928143712575, 1.1572804612247767, 1.0, 1.1770507349454717, 1.2933306201353207, 35.0, 3.085714285714286, 1.1718830169317598, 1.0, 1.0, 14.0, 1.1615720837946255, 1.4647887323943662, 1.0, 1.0, 1.0, 1.0, 1741.0, 1.0666666666666667, 1.0096582466567607, 2.0, 1.6477199743095696, 1.3513513513513513, 1.0, 1.0, 1.0, 4.111111111111111, 1.2, 1.5, 1.190897597977244, 1.75, 2.2063492063492065, 52, 1.0, 4.5, 1.0, 1.0, 1.0, 1.0, 1.0, 1.2741067296685096]

WORKLOAD-FINISHED | Type: QueryWorkload | Progress: 20/50 | Workload-time: 4.014090 | Model-update-time: 0.000000

ReportEsts: [1.0, 1.0, 4.179186767746382, 1.0, 1.625, 1.4747474747474747, 1.2008431384886429, 2.0, 1.9717523975588491, 1.0, 2.0338983050847457, 633.6521739130435, 1.6873536299765808, 1.5, 1.0, 1.1472602739726028, 6.857142857142857, 95.0, 2.1712678936605316, 43.5, 1.2328957398153637, 3.5, 1.0, 1.0, 1.0, 6.628571428571429, 1.0, 1.0, 1.4444444444444444, 27.0, 36.0, 1.2335329341317365, 57.0, 2.066666666666667, 26.0, 1.0, 1.0, 1.2826279964486536, 1.0, 1.0416666666666667, 1.0, 1.0078367665215413, 2.0, 1.7272727272727273, 1.0, 1.1111111111111112, 1.2076645922043892, 1.143005678637127, 3.5, 1.0]

WORKLOAD-FINISHED | Type: QueryWorkload | Progress: 21/50 | Workload-time: 3.972018 | Model-update-time: 0.000000

ReportEsts: [1.0, 3.0, 1.2521489971346704, 1.0077519379844961, 1.1466019417475728, 1.9333333333333333, 1.0, 1.0, 2.0, 32.0, 1.0, 1.0, 3.0, 1.0, 3.3333333333333335, 1.0784789644012944, 1.2425149700598803, 1.1382382526225032, 1.0, 1.5833333333333333, 1.0, 1.0, 1.0, 1.0, 1.0, 47.0, 1.2381606039807824, 16.0, 1.0, 1.0, 36.0, 1.0, 1.9285714285714286, 1.0, 1.0, 99.0, 191.0, 29.013513513513512, 1.0, 5.181818181818182, 1.1785714285714286, 1.3261261261261261, 1.7702702702702702, 1.3333333333333333, 1.8445667125171938, 1.3267326732673268, 1.3768115942028984, 1.0, 1.0, 1.0]

WORKLOAD-FINISHED | Type: QueryWorkload | Progress: 22/50 | Workload-time: 4.003206 | Model-update-time: 0.000000

WORKLOAD-FINISHED | Type: DataUpdateWorkload | Progress: 23/50 | Workload-time: 6.484176 | Model-update-time: 10.166364

WORKLOAD-FINISHED | Type: DataUpdateWorkload | Progress: 24/50 | Workload-time: 6.437223 | Model-update-time: 10.263529

ReportEsts: [3.125643401276508, 1.0040683482506103, 1.0, 1.4697120158887786, 1.0, 47.0, 1.0571428571428572, 1.1048387096774193, 5.5, 1.5454545454545454, 1.0, 1.1666666666666667, 1.599552572706935, 1.0, 1.0, 2.3728813559322033, 1.0, 1.0, 1.0, 1.0, 1.1251404197124855, 1.7142857142857142, 1.0, 33.5, 22.818181818181817, 1.0, 3.0, 1.0, 1.5384615384615385, 1.0, 1.0285714285714285, 1.0, 1.0666666666666667, 1.4141414141414141, 1.2322147651006712, 1.0, 1.0, 1.1442594759846187, 1.6968585983328188, 1.0, 1.1612512507241035, 1.11864406779661, 1.0, 1.5, 1.0, 1.24, 1.0, 1.0, 1.7089084065244668, 1.088235294117647]

WORKLOAD-FINISHED | Type: QueryWorkload | Progress: 25/50 | Workload-time: 3.996707 | Model-update-time: 0.000000

WORKLOAD-FINISHED | Type: DataUpdateWorkload | Progress: 26/50 | Workload-time: 6.462669 | Model-update-time: 10.194177

ReportEsts: [1.0, 1.6468937875751504, 1.1634615384615385, 1.0, 1.2881447475020253, 1.375, 2.5, 1.64, 1.0, 1.04, 1.0806711517544214, 2.0, 1.1250409855262542, 3.0, 3.0, 3.0, 1.0, 1.0, 1.0, 1.5737704918032787, 4.428571428571429, 1.0, 1.0, 1.2, 1.2549407114624507, 1.4, 3.3333333333333335, 4.0, 1.0, 1.0, 37.0, 1.0933777989518818, 11.0, 1.2517322967720128, 43.0, 1.0401874186059679, 1.0, 1.0, 1.0, 1.0, 1.0, 1.0, 1.6666666666666667, 1.453355155482815, 1.0, 1.0, 1.2206896551724138, 1.3173076923076923, 1.03810623556582, 1.0]

WORKLOAD-FINISHED | Type: QueryWorkload | Progress: 27/50 | Workload-time: 4.032176 | Model-update-time: 0.000000

WORKLOAD-FINISHED | Type: DataUpdateWorkload | Progress: 28/50 | Workload-time: 6.491023 | Model-update-time: 10.217136

WORKLOAD-FINISHED | Type: DataUpdateWorkload | Progress: 29/50 | Workload-time: 6.508421 | Model-update-time: 10.236626

WORKLOAD-FINISHED | Type: DataUpdateWorkload | Progress: 30/50 | Workload-time: 6.496847 | Model-update-time: 10.245813

WORKLOAD-FINISHED | Type: DataUpdateWorkload | Progress: 31/50 | Workload-time: 6.633657 | Model-update-time: 10.218865

ReportEsts: [1.2622743816385649, 1.0111464968152866, 1.0, 1.4, 4.0, 1.0, 2.0, 1.0, 1.0857142857142856, 1.3333333333333333, 1.0, 1.0, 1.4705882352941178, 4.333333333333333, 1.1183723797780518, 1.2153846153846153, 1.0, 1.0, 1.0, 1.0, 2.0, 1.0, 1.595137420718816, 1.193103448275862, 4.0, 1.2307692307692308, 1.1922916376791428, 1.203883495145631, 1.0, 1.0465116279069768, 1.3607038123167154, 1.2173913043478262, 1.0, 2.0, 2.0, 2.5, 1.0, 1.0, 2.0, 1.0, 1.2332721070585149, 1.0, 1.1849342367477083, 1.0, 141.0, 1.4772727272727273, 2.25, 1.294871794871795, 1.0, 1.0]

WORKLOAD-FINISHED | Type: QueryWorkload | Progress: 32/50 | Workload-time: 4.026387 | Model-update-time: 0.000000

ReportEsts: [1.0, 2.375, 1.8625, 1.0, 1.2866138232461664, 1.0, 4.0, 1.4450261780104712, 1.0, 1.5, 36.0, 35.0, 1.0, 34.0, 1.2094594594594594, 1.0, 1.0, 1.0, 1.4852822036186875, 1.0, 1.0175105659703936, 1.0631553279687882, 3.0, 1.3461538461538463, 62.0, 1.0, 2.6666666666666665, 1.0, 4.0, 1.0, 1.1729742280009288, 1.103448275862069, 2.75, 1.2198347107438017, 1.1043956043956045, 1.415873015873016, 5.0, 1.0, 1.0, 1.3720089154295807, 1.0212765957446808, 1.320525783619818, 1.5027689873417722, 1.0714285714285714, 1.0, 1.5794392523364487, 1.0, 1.6045648751967618, 1.2222222222222223, 1.2608695652173914]

WORKLOAD-FINISHED | Type: QueryWorkload | Progress: 33/50 | Workload-time: 4.024767 | Model-update-time: 0.000000

ReportEsts: [1.0, 1.1712300647402494, 2.125, 5.0, 1.0, 1.5339229735781459, 1.0, 1.1515151515151516, 1.0, 1.120099850781653, 1.0, 1.0, 1.0, 1.7826086956521738, 1.0, 1.0, 1.0, 1.0, 1.142628205128205, 1.3767884065105689, 1.0, 1.0, 1.0, 1.0, 1.0, 1.426356589147287, 1.0405405405405406, 5.0, 83.0, 2.0, 1.3818181818181818, 1.0, 2.0, 1.2560352831940576, 1.0, 1.3225265208919679, 1.4939024390243902, 3.75, 1.0, 1.0, 1.0, 8.628571428571428, 2.3923154701718907, 1.0, 1.208955223880597, 1.4002734575286275, 1.0, 1.0, 1.12, 1.180515759312321]

WORKLOAD-FINISHED | Type: QueryWorkload | Progress: 34/50 | Workload-time: 4.128143 | Model-update-time: 0.000000

WORKLOAD-FINISHED | Type: DataUpdateWorkload | Progress: 35/50 | Workload-time: 6.622552 | Model-update-time: 10.329779

ReportEsts: [1.0, 1.3103448275862069, 1.0, 29.0, 13.384615384615385, 1.0, 1.0332708528584817, 1.0, 61.0, 9.428571428571429, 3.8, 1.0, 36.0, 1.0, 1.14, 1.0, 47.0, 1.0, 1.6, 1.0, 1.0, 2.21977233104297, 2.142857142857143, 1.096774193548387, 1.0462809917355371, 3.0305810397553516, 1.0, 1.1915911222256956, 1.0, 1.0, 1.1956451395442902, 1.0, 2.5, 1.0, 1.0392156862745099, 2.0, 1.2082367113386538, 1.0, 1.0, 1.2063619630311357, 1.2753363228699552, 1.0, 3.0, 8.0, 3.6666666666666665, 1.0, 1.0, 1.0516243880729863, 1.136200716845878, 1.0]

WORKLOAD-FINISHED | Type: QueryWorkload | Progress: 36/50 | Workload-time: 4.091967 | Model-update-time: 0.000000

ReportEsts: [1.104742268041237, 1.0, 11.0, 1.6, 2.0, 1.4871794871794872, 2.7096774193548385, 1.0, 1.0138427845798734, 1.086656034024455, 1.1357466063348416, 1.0, 1.3333333333333333, 1.0, 1.0, 1.0, 1.4333333333333333, 1.0, 1.2571428571428571, 4.0, 1.0, 2.0, 1.75, 1.0, 1.0, 1.0, 1.27803738317757, 2.9047619047619047, 1.0, 1.0, 1.044776119402985, 307.0, 46.0, 1.36872009569378, 1.0, 1.0, 36.851351351351354, 1.5733333333333333, 1.25, 1.0, 58.0, 1.4375, 1.1050420168067228, 1.386983778194274, 1.1941447660948725, 3.1525838178557843, 1.1428571428571428, 1.2256, 1.0, 1.0]

WORKLOAD-FINISHED | Type: QueryWorkload | Progress: 37/50 | Workload-time: 3.964816 | Model-update-time: 0.000000

WORKLOAD-FINISHED | Type: DataUpdateWorkload | Progress: 38/50 | Workload-time: 6.579664 | Model-update-time: 10.211011

ReportEsts: [1.0, 1.0, 1.2238334924822374, 2.6666666666666665, 1.0784578053383662, 1.2272727272727273, 1.1521739130434783, 1.0514752407958567, 1.0, 1.0714285714285714, 14.333333333333334, 1.0, 1.0, 1.0, 1.4250871080139373, 1.4786583307452368, 1.59009009009009, 2.91875, 1.3333333333333333, 1.0, 7.0, 1.2734274711168165, 4.5, 1.0, 17.0, 1.28125, 1.0, 2.251572327044025, 1.0, 1.0, 1.0, 3.0, 1.8333333333333333, 5.0, 1.8979591836734695, 35.0, 6.0, 1.0, 1261.0, 1.5, 1.3333333333333333, 6.0, 1.0, 2.0, 1.2754368473526787, 2.290909090909091, 1.0, 320.0, 1.0, 1.0]

WORKLOAD-FINISHED | Type: QueryWorkload | Progress: 39/50 | Workload-time: 4.023272 | Model-update-time: 0.000000

WORKLOAD-FINISHED | Type: DataUpdateWorkload | Progress: 40/50 | Workload-time: 6.531325 | Model-update-time: 10.329414

ReportEsts: [1661.0, 1.0, 3.0, 1.0, 1.1095890410958904, 1.0, 1.9342762063227954, 1.0619362597714972, 1.0, 1.1666666666666667, 1.0, 1.5, 2.0, 1.0137614678899083, 1.5, 1.683181225554107, 1.0, 1.0428935661192313, 1.0, 110, 182.0, 131.0, 2.0842105263157893, 717.0, 1.4113475177304964, 1.0, 2.5, 2.0609756097560976, 1.3076923076923077, 1.0348244360852983, 1.0, 1.0, 1.0605575575758683, 1.0513919704438444, 1.0, 1.0, 1.485207100591716, 1.6517241379310346, 1.1428571428571428, 1.1153846153846154, 1.4210875331564987, 5.0, 4.454545454545454, 1.0, 1.2324282424822743, 2.0, 1.2034307460736702, 1.1764705882352942, 1.0, 2.0]

WORKLOAD-FINISHED | Type: QueryWorkload | Progress: 41/50 | Workload-time: 4.030185 | Model-update-time: 0.000000

ReportEsts: [2.5, 1.0, 56.0, 1.0, 1.0029708853238266, 1.5, 1.2806314684981162, 5.75, 1.0, 1.0, 1.0, 6.0, 1.2253787878787878, 1.0, 3.6025641025641026, 1.25977422907489, 3.0, 1.0, 1.0, 1.0499861149680645, 18.0, 2.0, 16.0, 1.077120822622108, 1.2596371882086168, 1.0, 1.0, 1.3307984790874525, 1.1355409630342828, 1.0, 1.0, 1.4074074074074074, 1.199017199017199, 1.0731707317073171, 1.2274549098196392, 1.0, 2.0, 1.0, 1.0, 1.0, 1.1532192339038305, 1.0, 1.5175619834710743, 1.0, 25.0, 1.01855927963982, 1.331008243500317, 1.0, 1.8181818181818181, 1.0]

WORKLOAD-FINISHED | Type: QueryWorkload | Progress: 42/50 | Workload-time: 3.987276 | Model-update-time: 0.000000

ReportEsts: [1.3157894736842106, 1.0, 1.5, 1.0, 1.79723991507431, 1.0, 2.4, 1.1584649072259998, 2.0, 1.5476190476190477, 1.0, 1.0, 1.4285714285714286, 136.0, 1.0769230769230769, 1.646024223275408, 1.0, 1.022353714661407, 1.1153846153846154, 1.0, 1.0, 2.0, 1.0, 1.3307271305707584, 1.204794916233391, 1.0, 2.4, 1.0, 1.3333333333333333, 1.1818181818181819, 1.0, 1.6, 1.1914715719063544, 1.0018083182640145, 1.0, 53.0, 28.0, 3.761904761904762, 1.154442980529937, 1.0, 1.0166765932102442, 1.0, 2.0, 1.7202643171806167, 4.714285714285714, 1.0, 1.652, 2.6666666666666665, 1.0, 19.0]

WORKLOAD-FINISHED | Type: QueryWorkload | Progress: 43/50 | Workload-time: 4.029592 | Model-update-time: 0.000000

ReportEsts: [1.0, 1.0, 1.0, 1.0, 1.0, 1.0, 1.0, 1.2154815093933358, 2.5, 1.0, 1.1588206184250436, 2.2666666666666666, 1.3971631205673758, 1.0, 1.0833333333333333, 4.0, 1.0, 1.0916666666666666, 1.7647058823529411, 1.0, 1.1040251572327044, 1.2380952380952381, 15.0, 1.5892255892255893, 60, 1.9230769230769231, 2.0, 3.0, 1.625, 1.0057346724704315, 1.0, 1.0, 1.5, 1.4107142857142858, 1.0, 1.6875, 1.0, 1.0, 2.0, 1.3579136690647482, 1.0, 1.0, 1.0, 140.0, 1.0, 1.0, 1.1940810119248781, 1.0, 18.0, 1.0]

WORKLOAD-FINISHED | Type: QueryWorkload | Progress: 44/50 | Workload-time: 4.060348 | Model-update-time: 0.000000

ReportEsts: [1.0, 2.6923076923076925, 1.2643500643500643, 1.401836969001148, 3.0, 2.0, 1.0, 1.0, 1.130730050933786, 1.0, 1.0, 1.0, 87.0, 1.2332050295098793, 1.0, 1.0, 1.2379518072289157, 253.0, 1.0, 1.0, 2.9743589743589745, 2.0, 1.0, 1.5, 2.875, 1.0, 1.2610932475884244, 133.0, 2.4285714285714284, 1.0, 1.0, 1.6666666666666667, 1.6666666666666667, 1.0758928571428572, 1.2485875706214689, 100.0, 1.032258064516129, 1.0, 2.0, 3.0, 1.0, 1.0744804025806194, 1.304812834224599, 19.615384615384617, 3.0, 39.0, 1.0852017937219731, 1.0, 62.0, 2.0]

WORKLOAD-FINISHED | Type: QueryWorkload | Progress: 45/50 | Workload-time: 4.006579 | Model-update-time: 0.000000

WORKLOAD-FINISHED | Type: DataUpdateWorkload | Progress: 46/50 | Workload-time: 6.630713 | Model-update-time: 10.324766

ReportEsts: [2.0, 31.0, 1.7307692307692308, 1.105095541401274, 1.0, 2.0, 31.5, 1.2421488437847117, 1.0, 1.0, 1.0, 1.0472178407007016, 2.0, 1.0, 1.0, 1.0, 193.0, 19.0, 1.3000627266190352, 1.0, 48.0, 1.1741293532338308, 1.0, 1.0, 1.358974358974359, 1.304054054054054, 2.1122448979591835, 2.074539034915653, 1.0724637681159421, 1.0, 1.2797619047619047, 1.0, 1.0, 1.416482055826318, 1.2195121951219512, 1.2380425357126557, 1.0903749300503638, 1.0724637681159421, 1.0575086577815092, 1.0, 1.0, 1.3625730994152048, 1.0, 1.194668584657571, 2.293269230769231, 2.0, 1.0, 1.0, 1.2727272727272727, 15.0]

WORKLOAD-FINISHED | Type: QueryWorkload | Progress: 47/50 | Workload-time: 4.049070 | Model-update-time: 0.000000

ReportEsts: [1.0, 1.0, 1.5, 19, 1.0, 1.0, 1.1310845431255336, 1.1317405822320463, 2.0, 65.0, 27.0, 21.0, 3.0, 1.0, 1.0, 1.0, 1.0, 128.33333333333334, 2.1556966254594054, 1.0, 1.4401408450704225, 1.0, 1.0, 1280.0, 32.0, 1.0, 2.0, 1.0, 1.0, 1.2564102564102564, 2.4953271028037385, 1.3081761006289307, 1.5121951219512195, 1.0, 1.0, 1.0, 3.0, 1.0, 1.0, 1.3385146804835923, 1.6666666666666667, 1.4, 3.0, 1.0, 2.0, 1.75, 1.5430463576158941, 1.0113676617396066, 1.0, 1.2384952305978711]

WORKLOAD-FINISHED | Type: QueryWorkload | Progress: 48/50 | Workload-time: 4.024284 | Model-update-time: 0.000000

ReportEsts: [1.0, 1.0, 1.0, 9.14723926380368, 1.3690374178806055, 1.0, 2.0, 66.0, 1.0, 1.1806344696969697, 1.0, 1.3137254901960784, 124.0, 1.0, 1.0, 1.1585365853658536, 1.0, 1.751111111111111, 2.3333333333333335, 1.0, 2.4285714285714284, 1.0, 1.3272727272727274, 2.0, 18.0, 1.0, 3.062977099236641, 1.588235294117647, 3.891304347826087, 1.1655251141552512, 1.0, 3.0, 1.6261905541190718, 1.0582857142857143, 1.6263736263736264, 1.0921264059989289, 20.0, 1.4106540795684424, 1.218487394957983, 1.0, 1.0, 1.0, 1.0, 1.0, 1.8089171974522293, 1.2341032961328835, 2.0, 2.0, 9.0, 13.5]

WORKLOAD-FINISHED | Type: QueryWorkload | Progress: 49/50 | Workload-time: 4.031237 | Model-update-time: 0.000000

ReportEsts: [1.0, 2.0, 1.0, 1.7890625, 2.0, 1.0, 1.0, 1.0, 68.0, 9.0, 1.0, 1.0, 1.0, 1.1712328767123288, 1.2, 1.0, 5.0, 1.222524483133841, 1.0, 6.0, 42.0, 1.2827161935910913, 2.164383561643836, 1.0458341425519517, 1.5714285714285714, 1.1715608405573459, 1.3469704579699557, 1.2944250871080138, 4.666666666666667, 2.0, 1.0, 1.2027729636048528, 1.0, 1.0, 1.069202181048748, 1.2205882352941178, 3.9411764705882355, 2.25, 23.0, 1.0, 1.0, 1.0, 488.0, 1.7777777777777777, 2.562962962962963, 1.0, 2.0, 17.0, 1.0, 1.0]

WORKLOAD-FINISHED | Type: QueryWorkload | Progress: 50/50 | Workload-time: 4.018267 | Model-update-time: 0.000000

Experiment Summary: #drift=15 | total-time=401.286482




Sum of Model-update-time = 153.9847
The 1st    ReportEsts -> max: 134.0000	99th: 110.4800	95th: 46.2000	median: 1.1005	mean: 7.6103
2nd to end ReportEsts -> max: 1741.0000	99th: 203.7100	95th: 46.5500	median: 1.1670	mean: 13.6453
