Input arguments = Namespace(data_update='single', dataset='forest', debug=False, drift_test='js', model_update='adapt', model='naru', random_seed=42, num_workload=50)

ReportEsts: [1.0, 1.1068869426751593, 1.0, 1.4047619047619047, 2.6666666666666665, 1.0, 1.0338541666666667, 1.0, 2.2246835443037973, 1.0, 1.0746268656716418, 66.0, 1.0, 2.5, 2.0615384615384613, 1.1866666666666668, 1.0, 22.0, 1.320754716981132, 1.34375, 1.0, 134.0, 1.0, 1.0, 1.5012658227848101, 1.0, 1.031361270884689, 4.0, 1.0, 3.5, 1.5, 1.0, 1.0, 1.0, 1.0, 2.0, 1.0, 86.0, 1.0, 2.0, 2.0, 1.0, 1.7, 1.0, 2.813008130081301, 3.175115207373272, 1.0, 2.0, 1.0, 1.0]

WORKLOAD-FINISHED | Type: QueryWorkload | Progress: 1/50 | Workload-time: 4.141236 | Model-update-time: 0.000000

Mean JS divergence: 0.1259

WORKLOAD-FINISHED | Type: DataUpdateWorkload | Progress: 2/50 | Workload-time: 3.276686 | Model-update-time: 0.000000

ReportEsts: [1.0, 1.3333333333333333, 2.0, 1.0, 1.1232876712328768, 1.0, 1.2871996431956292, 5.75, 1.0, 1.5, 1.243650974149041, 1.0, 1.0, 1.0, 1.0, 1.0, 1.0, 1.0, 1.0, 1.0, 1.0, 1.8888888888888888, 1.2706422018348624, 1.0, 1.0, 41.0, 1.0, 1.0669014084507042, 1.0612079486778283, 2.2, 2.0, 1.0, 1.0, 1.0, 1.0, 1.5, 80.0, 1.4285714285714286, 1.0, 1.0, 2.0, 1.0, 64.0, 1.52, 1.0, 1.391304347826087, 1.1778255916972535, 1.1363636363636365, 1.5178571428571428, 1.0]

WORKLOAD-FINISHED | Type: QueryWorkload | Progress: 3/50 | Workload-time: 4.010659 | Model-update-time: 0.000000

ReportEsts: [1.052689961175818, 1.0, 1.5, 1.5, 1.0, 2.0, 1.0, 18, 1.9083910700538875, 2.0, 1.457142857142857, 1.231331592689295, 1.0, 19.0, 1.355263157894737, 1.185733070348455, 1.2174757281553399, 1.0, 7.649379108838568, 1.3252595155709344, 1.0, 1.0, 1.109120937666489, 2.0, 15.0, 1.0586475164572113, 1.0, 1.0, 1.0, 2.3333333333333335, 1.2154824316787507, 1.0, 1.7290167865707433, 32.0, 1.0, 6.0, 1.6961538461538461, 1.0940665701881331, 1.0, 2.0, 2.0, 1.0, 2.5, 1.440203562340967, 1.2145158233844988, 1.0, 23.0, 4.0, 1.0588235294117647, 66.0]

WORKLOAD-FINISHED | Type: QueryWorkload | Progress: 4/50 | Workload-time: 4.120362 | Model-update-time: 0.000000

Mean JS divergence: 0.1261

WORKLOAD-FINISHED | Type: DataUpdateWorkload | Progress: 5/50 | Workload-time: 3.392683 | Model-update-time: 0.000000

ReportEsts: [184, 1.0, 1.1173469387755102, 1.2827265685515103, 1.0, 4.0, 1.00738287956831, 1.0, 1.3155555555555556, 1.7114967462039046, 168.0, 1.0, 2.3333333333333335, 1.2307692307692308, 1.103448275862069, 113.0, 2.1666666666666665, 1.4495614035087718, 1.0, 1.0480295566502462, 4.888888888888889, 6.0, 1.0, 411.0, 1.8322736242052182, 1.0, 2.0, 34.0, 1.3513513513513513, 1.2307383305214108, 1.0, 1.0, 1.0, 1.0, 1.0606060606060606, 56.0, 1.1666666666666667, 1.1666666666666667, 1.0, 68.5, 1.3474329996771068, 2.409126248430118, 1.0, 1.0, 1.0, 1.0, 1.0, 1.7855256207078711, 1.0, 1.0]

WORKLOAD-FINISHED | Type: QueryWorkload | Progress: 6/50 | Workload-time: 3.987200 | Model-update-time: 0.000000

ReportEsts: [1.0371517027863777, 1.0, 1.0, 1.0, 1.250628667225482, 1.0, 1.0, 1.0, 1.0, 1.0, 1.5870789883734868, 1.0, 1.0, 9.0, 10.0, 1.736842105263158, 1.3849590031445618, 1.5263157894736843, 1.0, 1.0482758620689656, 1.0, 1.0830449826989619, 1.215291750503018, 1.0, 1.010654851240399, 2.0, 17.0, 1.027374657916412, 1.2201834862385321, 8.0, 1.0565240359218173, 1.0, 1.0, 1.1666666666666667, 82.0, 1.0121091437489909, 1.0, 1.0, 1.3804453049370764, 1.1666666666666667, 1.0454545454545454, 1.0, 1.0, 1.0379746835443038, 1.1501054735205951, 1.0, 2.0, 2.0, 1.013097669178227, 1.231462119993566]

WORKLOAD-FINISHED | Type: QueryWorkload | Progress: 7/50 | Workload-time: 3.977916 | Model-update-time: 0.000000

ReportEsts: [1.289301310043668, 1.0524792765636775, 1.0, 1.0, 1.6226415094339623, 20.0, 1.0, 59.0, 1.0, 2.6401657458563537, 1.2323108697315077, 1.5, 3.0, 1.0077033689400163, 1.0, 1.2538141470180306, 2.0, 1.2912036644329459, 52.0, 1.0, 13.0, 1.0, 1.0, 1.0, 1.0, 1.0, 1.1637424193324384, 1.0, 1.0, 2.5, 65.0, 1.2507626601586332, 1.0, 1.0472303206997085, 5.707865168539326, 2.1416666666666666, 1.5, 1.1059842649761498, 1.0, 1.0, 1.05, 87.0, 1.2730620155038759, 1.0, 1.75, 2.0, 3.0, 1.0, 1.3636363636363635, 1.263157894736842]

WORKLOAD-FINISHED | Type: QueryWorkload | Progress: 8/50 | Workload-time: 3.928046 | Model-update-time: 0.000000

ReportEsts: [1.6428571428571428, 1.0, 1.0, 2.9189127628881635, 1.0, 1.0, 1.1870376378974692, 10.0, 1.274002157497303, 1.0, 1.3424209378407852, 1.1950559878534825, 61, 1.0, 1.4777777777777779, 3.0, 1.2275, 1.0, 1.0, 1.0, 75.5, 1.0, 1.0, 1.5, 1.1697247706422018, 1.0968983225919082, 1.0, 2.2222222222222223, 2.0, 6.056603773584905, 1.15, 1.0, 1.7105263157894737, 1.1666666666666667, 217.0, 6.0, 2.0, 1.0, 3.0, 1.0, 1.1788079470198676, 1.2539703723475244, 1.412365787179572, 1.0, 1.0, 1.1385542168674698, 1.3225806451612903, 1.6170212765957446, 1.0834169174189234, 1.1959688718580666]

WORKLOAD-FINISHED | Type: QueryWorkload | Progress: 9/50 | Workload-time: 4.242592 | Model-update-time: 0.000000

Mean JS divergence: 0.1262

WORKLOAD-FINISHED | Type: DataUpdateWorkload | Progress: 10/50 | Workload-time: 3.534899 | Model-update-time: 0.000000

ReportEsts: [1.2, 1.0, 1.6666666666666667, 1.7777777777777777, 3.1510457010069715, 1.6666666666666667, 1.7619047619047619, 1.0, 1.074715155753708, 2.460526315789474, 2.4, 1.173027989821883, 1.9333333333333333, 37.0, 1.1578311244477786, 2.0, 1.099236641221374, 1.0, 1.3333333333333333, 1.0, 2.0, 125.0, 1808.0, 1.129455909943715, 1.0, 1.0, 116, 1.0051270900748965, 1.0, 1.0, 1.5588285373744253, 1.3324451076529524, 42.5, 1.309702711532179, 1.619047619047619, 1.0, 1.0, 1.6666666666666667, 1.0, 1.675, 1.21045197740113, 2.0, 1.0, 1.0, 1.2930972867471204, 3.0, 90.0, 1.937007874015748, 1.0175846930083219, 1.2769230769230768]

WORKLOAD-FINISHED | Type: QueryWorkload | Progress: 11/50 | Workload-time: 4.099992 | Model-update-time: 0.000000

Mean JS divergence: 0.1267

WORKLOAD-FINISHED | Type: DataUpdateWorkload | Progress: 12/50 | Workload-time: 3.335002 | Model-update-time: 0.000000

Mean JS divergence: 0.1269

WORKLOAD-FINISHED | Type: DataUpdateWorkload | Progress: 13/50 | Workload-time: 3.294570 | Model-update-time: 0.000000

Mean JS divergence: 0.1274

WORKLOAD-FINISHED | Type: DataUpdateWorkload | Progress: 14/50 | Workload-time: 3.402121 | Model-update-time: 19.662793

ReportEsts: [1.024390243902439, 1.7, 1.3163716436508885, 1.0, 1.0, 3.0, 6.190476190476191, 1.25, 4.6, 3.0, 1.0, 108.0, 1.0363636363636364, 1.1568035715399148, 31.0, 1.0, 47.0, 1.1766023767777127, 1.0, 1.0, 1.0, 1.0, 1.1, 1.0, 4.375, 1.0, 1.641025641025641, 1.28, 1.0674157303370786, 1.0, 3.0, 5.0, 2.0, 1.0, 73.0, 1.0, 1.2547588832487309, 1.0, 1.3522727272727273, 1.10803324099723, 161.0, 7.555555555555555, 153.0, 1.5338345864661653, 1.59375, 1.09247311827957, 36.0, 1.085121107266436, 1.0, 2.1923076923076925]

WORKLOAD-FINISHED | Type: QueryWorkload | Progress: 15/50 | Workload-time: 3.995685 | Model-update-time: 0.000000

Mean JS divergence: 0.1277

WORKLOAD-FINISHED | Type: DataUpdateWorkload | Progress: 16/50 | Workload-time: 3.410206 | Model-update-time: 19.236017

ReportEsts: [1.0, 214.0, 1.0, 55.0, 1.348256735340729, 1.0272873194221508, 1.1818181818181819, 1.5, 1.0, 1.1730769230769231, 1.3052568697729987, 1.0, 14.0, 1.1353670162059104, 1.369205298013245, 1.0, 1.0, 1.0, 2.066666666666667, 1.0, 1.193849746983262, 1.0, 1.0, 1.0, 1.0802861685214626, 1.2030920590302179, 6.956913827655311, 1.1789904208373696, 1.2115987460815048, 1.704225352112676, 1.3846153846153846, 1.0, 1.125, 69.75, 1.240309855114044, 1.4375, 1.1666666666666667, 1.25, 1.0, 1.0, 1.1232452227804122, 1.0, 1.0, 2.1052631578947367, 1.0, 1.3333333333333333, 1.0, 13.5, 1.0, 1.0]

WORKLOAD-FINISHED | Type: QueryWorkload | Progress: 17/50 | Workload-time: 4.022408 | Model-update-time: 0.000000

ReportEsts: [2.8971533516988064, 1.0, 1.0, 1.1067796610169491, 1.4333333333333333, 1.0666666666666667, 1.0, 1.2697488451535266, 1.0851063829787233, 1.0, 1.797752808988764, 2.0, 1.0123456790123457, 12.714285714285714, 207.0, 1.4690043832185347, 1.0, 1.1333333333333333, 1.0, 2.0, 1.875, 1.8045977011494252, 1.1573627050479616, 1.0, 713.0, 1.0, 38.0, 1.0, 1.0, 50.0, 2.0, 1.0, 1.289738430583501, 1.0, 1.0, 1.0, 1.4752475247524752, 1.5, 2.203125, 2.043010752688172, 1.0, 1.0, 1.2104597216364403, 1.0, 1.0476190476190477, 1.548132183908046, 1.0, 3, 3.0625, 1.0]

WORKLOAD-FINISHED | Type: QueryWorkload | Progress: 18/50 | Workload-time: 3.968296 | Model-update-time: 0.000000

ReportEsts: [1.2016515716568994, 2.6666666666666665, 1.1015037593984962, 19.0, 2.9613059250302296, 3.0, 10.5, 1.0, 578.0, 1.0, 26, 1.0255214907102046, 1.8333333333333333, 1.8128342245989304, 1.0, 1.0, 1.0, 164.0, 1.0666666666666667, 1.0, 1.0, 1.0, 2.2, 13.0, 1.5236346215266687, 1.0, 1.7272727272727273, 1.0, 1.25, 1.0347734457323499, 76.0, 1.0, 1.0, 1.0, 1.0, 2.675, 1.0, 1.0, 1.0462855083778753, 1.3285714285714285, 1.0, 47.8125, 1.75, 1.0, 2.1666666666666665, 1.0, 1.0, 1.4415781487101669, 1.0, 1.0]

WORKLOAD-FINISHED | Type: QueryWorkload | Progress: 19/50 | Workload-time: 3.962095 | Model-update-time: 0.000000

ReportEsts: [1.0, 1.1666666666666667, 633.0, 1.0, 1.3333333333333333, 1.5, 1.0263157894736843, 1.0, 1.0, 1.1796407185628743, 1.2228081276805174, 1.0, 1.3949739212897108, 1.2913597805658557, 35.0, 2.7, 1.67231058662562, 1.0, 1.0, 14.0, 1.10168890585901, 1.380281690140845, 1.0, 1.0, 1.0, 1.0, 1741.0, 1.087179487179487, 1.0419426048565121, 2.0, 1.0450204638472034, 1.4324324324324325, 1.0, 1.0, 1.0, 2.642857142857143, 1.2, 1.0, 1.6788874841972188, 3.5, 1.6243386243386244, 52, 1.0, 4.5, 1.0, 1.0, 1.0, 1.0, 1.0, 1.464063811922754]

WORKLOAD-FINISHED | Type: QueryWorkload | Progress: 20/50 | Workload-time: 3.943568 | Model-update-time: 0.000000

ReportEsts: [1.0, 1.0, 5.522768670309654, 1.0, 1.3333333333333333, 1.0, 1.1961870005662871, 2.0, 2.218559937217971, 1.0, 2.1864406779661016, 303.625, 1.515222482435597, 1.375, 1.0, 1.1964285714285714, 8.142857142857142, 95.0, 1.3906352324819908, 14.5, 1.2087405776234437, 2.3333333333333335, 1.0, 1.0, 1.0, 4.73469387755102, 1.0, 1.0, 1.625, 27.0, 36.0, 1.307385229540918, 57.0, 1.6, 26.0, 1.0, 2.0, 1.206865936667653, 1.0, 1.2411347517730495, 1.0, 1.00062382221067, 1.5, 1.9, 1.0, 1.0, 1.2208483458892891, 1.1842757738142846, 2.3333333333333335, 1.0]

WORKLOAD-FINISHED | Type: QueryWorkload | Progress: 21/50 | Workload-time: 4.049763 | Model-update-time: 0.000000

ReportEsts: [1.0, 3.3333333333333335, 1.0771604938271604, 1.075, 1.241850683491062, 1.4077669902912622, 1.0, 1.0, 2.0, 64.0, 1.0, 1.0, 3.0, 1.0, 1.6666666666666667, 1.1812297734627832, 1.0778443113772456, 1.0926857307084352, 1.0, 1.2666666666666666, 1.0, 1.0, 1.0, 1.0, 1.0, 47.0, 1.2151681537405628, 16.0, 1.0, 1.0, 36.0, 1.0, 2.4545454545454546, 1.0, 1.0, 99.0, 191.0, 39.03636363636364, 1.0, 6.84, 1.346938775510204, 1.1243243243243244, 1.617283950617284, 1.3333333333333333, 1.0938009787928222, 1.5445544554455446, 1.3970588235294117, 1.0, 1.0, 1.0]

WORKLOAD-FINISHED | Type: QueryWorkload | Progress: 22/50 | Workload-time: 4.093702 | Model-update-time: 0.000000

Mean JS divergence: 0.1272

WORKLOAD-FINISHED | Type: DataUpdateWorkload | Progress: 23/50 | Workload-time: 3.466611 | Model-update-time: 19.197203

Mean JS divergence: 0.1284

WORKLOAD-FINISHED | Type: DataUpdateWorkload | Progress: 24/50 | Workload-time: 3.509929 | Model-update-time: 20.009225

ReportEsts: [3.264609429600559, 1.4351701782820097, 1.0, 1.2033783783783785, 1.0, 47.0, 1.121212121212121, 1.0508474576271187, 2.75, 1.2352941176470589, 1.0, 1.1666666666666667, 1.138702460850112, 1.0, 1.0, 2.9166666666666665, 1.0, 1.0, 1.0, 1.0, 1.0827458168828727, 2.0, 1.0, 33.5, 25.1, 1.0, 2.0, 1.0, 1.3012820512820513, 1.0, 1.2272727272727273, 1.0, 1.6, 1.4276094276094276, 1.3214765100671142, 1.0, 1.0, 1.0680694547278415, 1.9485486372701086, 1.0, 1.1950076359997894, 1.2, 1.0, 1.0, 1.0, 1.7222222222222223, 1.0, 1.0, 1.208516886930984, 1.019448946515397]

WORKLOAD-FINISHED | Type: QueryWorkload | Progress: 25/50 | Workload-time: 4.011017 | Model-update-time: 0.000000

Mean JS divergence: 0.1284

WORKLOAD-FINISHED | Type: DataUpdateWorkload | Progress: 26/50 | Workload-time: 3.511336 | Model-update-time: 20.272791

ReportEsts: [2.0, 1.9263947491795592, 1.118279569892473, 1.0, 1.1952470969484201, 1.0, 2.5, 1.1081081081081081, 1.0, 1.368421052631579, 1.2256475849010997, 2.0, 1.2130778959201836, 3.0, 3.0, 3.0, 1.0, 1.0, 1.0, 1.9114754098360656, 3.7472527472527473, 1.0, 1.0, 1.2, 1.202239789196311, 1.6, 4.333333333333333, 2.0, 1.0, 1.0, 37.0, 1.4268699380657457, 11.0, 1.2242148760330578, 43.0, 1.1256472054002717, 1.0, 1.0, 1.0, 1.0, 1.0, 1.0, 1.25, 1.353518821603928, 1.0, 1.0, 1.2146892655367232, 1.2884615384615385, 1.01270207852194, 1.0]

WORKLOAD-FINISHED | Type: QueryWorkload | Progress: 27/50 | Workload-time: 3.978086 | Model-update-time: 0.000000

Mean JS divergence: 0.1287

WORKLOAD-FINISHED | Type: DataUpdateWorkload | Progress: 28/50 | Workload-time: 3.418058 | Model-update-time: 19.380036

Mean JS divergence: 0.1290

WORKLOAD-FINISHED | Type: DataUpdateWorkload | Progress: 29/50 | Workload-time: 3.648239 | Model-update-time: 19.871590

Mean JS divergence: 0.1290

WORKLOAD-FINISHED | Type: DataUpdateWorkload | Progress: 30/50 | Workload-time: 3.673580 | Model-update-time: 19.842497

Mean JS divergence: 0.1297

WORKLOAD-FINISHED | Type: DataUpdateWorkload | Progress: 31/50 | Workload-time: 3.534130 | Model-update-time: 19.692412

ReportEsts: [1.2812894600014855, 1.125448028673835, 1.0, 2.0, 3.0, 1.0, 2.0, 1.0, 1.0285714285714285, 1.5, 1.0, 1.0, 1.3529411764705883, 3.466666666666667, 1.173098125689085, 1.0615384615384615, 1.0, 1.0, 1.0, 1.0, 2.0, 1.0, 1.1310782241014798, 1.0886319845857417, 5.666666666666667, 1.205128205128205, 1.5508557117016837, 1.0957446808510638, 1.0, 1.0714285714285714, 1.2140762463343109, 1.0952380952380953, 1.0, 2.0, 1.6, 1.4, 1.0, 1.0, 2.0, 1.0, 1.2287238695005684, 1.0, 1.2532881626145875, 1.0, 141.0, 1.2037037037037037, 3.0, 1.4532374100719425, 4.0, 1.0]

WORKLOAD-FINISHED | Type: QueryWorkload | Progress: 32/50 | Workload-time: 4.043345 | Model-update-time: 0.000000

ReportEsts: [1.0, 2.5, 1.7126436781609196, 1.0, 1.2731313430624491, 1.0, 4.0, 1.5727748691099477, 1.0, 1.1666666666666667, 28.8, 35.0, 1.0, 34.0, 1.2695035460992907, 1.0, 1.0, 1.0, 1.2227656736327257, 1.0, 1.04683133911299, 1.318702755425506, 3.0, 2.144230769230769, 62.0, 1.0, 1.619047619047619, 1.0, 3.0, 1.0, 1.167819828186673, 1.2758620689655173, 5.5, 1.5272727272727273, 1.1964285714285714, 1.5594405594405594, 1.6666666666666667, 1.0, 1.0, 1.3352295981010067, 1.053191489361702, 1.0844298245614035, 1.2406923579359896, 1.0714285714285714, 1.0, 1.4205607476635513, 3.0, 1.895219123505976, 2.1818181818181817, 1.2391304347826086]

WORKLOAD-FINISHED | Type: QueryWorkload | Progress: 33/50 | Workload-time: 4.049122 | Model-update-time: 0.000000

ReportEsts: [1.0, 1.2775303963366493, 1.2142857142857142, 5.0, 1.0, 1.0465741155396329, 1.0, 1.0681818181818181, 1.0, 1.1936073186718172, 1.0, 1.0, 1.0, 1.7446808510638299, 1.0, 1.0, 1.0, 1.0, 1.1550480769230769, 1.0820590135688133, 1.0, 1.0, 1.0, 1.0, 1.0, 1.558139534883721, 1.114864864864865, 1.0, 83.0, 2.0, 1.2363636363636363, 1.0, 2.0, 1.1973073351903436, 1.0, 1.398043254376931, 1.079268292682927, 3.0, 1.0, 1.0, 1.0, 12.08, 1.898876404494382, 1.0, 1.1851851851851851, 1.2389335156383525, 1.0, 1.0, 1.042857142857143, 1.0388349514563107]

WORKLOAD-FINISHED | Type: QueryWorkload | Progress: 34/50 | Workload-time: 4.023859 | Model-update-time: 0.000000

Mean JS divergence: 0.1300

WORKLOAD-FINISHED | Type: DataUpdateWorkload | Progress: 35/50 | Workload-time: 3.676238 | Model-update-time: 20.328588

ReportEsts: [1.0, 1.3103448275862069, 1.0, 29.0, 10.235294117647058, 1.0, 1.0412698412698413, 1.0, 61.0, 8.25, 9.5, 1.0, 36.0, 1.0, 1.7857142857142858, 1.0, 47.0, 1.0, 1.0, 1.0, 1.0, 2.1725929085844773, 1.8571428571428572, 1.3076923076923077, 1.4161073825503356, 2.305810397553517, 1.0, 1.2199671772428884, 1.0, 1.0, 1.0518538492652016, 1.0, 3.3333333333333335, 1.0, 1.0686274509803921, 2.0, 1.1727902424333685, 1.0, 1.0, 1.1007570061960439, 1.6663677130044843, 1.0, 3.0, 8.0, 3.0, 1.0, 1.0, 1.1093896713615023, 1.2222222222222223, 1.0]

WORKLOAD-FINISHED | Type: QueryWorkload | Progress: 36/50 | Workload-time: 4.092893 | Model-update-time: 0.000000

ReportEsts: [1.075876288659794, 1.0, 5.5, 2.6, 1.0, 1.4468864468864469, 7.636363636363637, 1.0, 1.0976545281328651, 1.1434343434343435, 1.4593023255813953, 1.0, 4.0, 1.0, 1.0, 1.0, 1.4, 1.0, 1.0232558139534884, 1.0, 1.0, 1.3333333333333333, 1.9166666666666667, 1.0679611650485437, 1.0277777777777777, 1.0, 1.0742990654205606, 2.9047619047619047, 1.0, 1.0, 1.0852713178294573, 307.0, 46.0, 1.3770933014354068, 1.0, 1.0, 8.853896103896103, 1.0714285714285714, 1.25, 1.0, 58.0, 1.75, 1.0601336302895323, 1.0984941511019195, 1.2248484706653249, 2.226285495011512, 1.875, 1.1312, 1.0, 1.0]

WORKLOAD-FINISHED | Type: QueryWorkload | Progress: 37/50 | Workload-time: 4.079059 | Model-update-time: 0.000000

Mean JS divergence: 0.1300

WORKLOAD-FINISHED | Type: DataUpdateWorkload | Progress: 38/50 | Workload-time: 3.680685 | Model-update-time: 20.283458

ReportEsts: [1.0, 1.0, 1.2214057973360093, 1.4545454545454546, 1.0749798441279226, 1.8148148148148149, 2.2083333333333335, 1.068746924140517, 1.0, 1.0769230769230769, 21.5, 1.0, 1.0, 1.0, 2.682242990654206, 1.5032397111715126, 1.6045454545454545, 2.900621118012422, 3.0, 1.0, 3.5, 1.1694480102695763, 1.5, 1.0, 17.0, 1.2058823529411764, 1.5, 3.380503144654088, 1.0, 1.0, 1.0, 1.0434782608695652, 1.0, 3.75, 1.1306122448979592, 35.0, 11.5, 1.0, 1261.0, 2.4, 1.2, 6.0, 1.0, 1.0, 1.2654667576218712, 3.0, 1.0, 320.0, 1.0, 1.0]

WORKLOAD-FINISHED | Type: QueryWorkload | Progress: 39/50 | Workload-time: 4.125813 | Model-update-time: 0.000000

Mean JS divergence: 0.1300

WORKLOAD-FINISHED | Type: DataUpdateWorkload | Progress: 40/50 | Workload-time: 3.779271 | Model-update-time: 20.095192

ReportEsts: [1661.0, 1.0, 1.5, 1.0, 1.553191489361702, 1.0, 1.7240100845321074, 1.1413864104323954, 1.0, 1.3333333333333333, 1.0, 1.5, 2.0, 1.0231481481481481, 1.5, 1.5058670143415906, 1.0, 1.0020190732956125, 1.0, 110, 182.0, 131.0, 2.3294117647058825, 717.0, 1.1453900709219857, 2.0, 2.090909090909091, 2.277439024390244, 1.7692307692307692, 1.1795221306211254, 1.0, 1.0, 1.0491481411109, 1.0773836467635076, 1.0, 1.246031746031746, 1.4223107569721116, 1.306896551724138, 1.0, 1.0096153846153846, 1.1088235294117648, 4.444444444444445, 3.161290322580645, 1.0, 1.1088275555884421, 2.0, 1.4394649399335435, 1.588235294117647, 1.0, 2.0]

WORKLOAD-FINISHED | Type: QueryWorkload | Progress: 41/50 | Workload-time: 4.035204 | Model-update-time: 0.000000

ReportEsts: [5.0, 1.0, 56.0, 1.0, 1.0148544266191326, 1.5, 1.1354747937234702, 9.2, 1.0, 1.0, 1.0, 9.0, 1.8276515151515151, 1.0, 11.24, 1.1805479074889869, 3.0, 1.0, 1.0, 1.2468836565096952, 18.0, 2.0, 16.0, 1.2030848329048842, 1.2993197278911566, 1.0, 1.0, 1.2775665399239544, 1.2206259398292891, 1.0, 1.0, 1.7272727272727273, 1.0909090909090908, 1.2954545454545454, 1.1633266533066133, 1.0, 2.0, 1.0, 1.0, 1.0, 1.1547703180212014, 1.0, 1.2066115702479339, 1.0, 25.0, 1.1081874270468568, 1.3633481293595435, 1.0, 2.0, 1.0]

WORKLOAD-FINISHED | Type: QueryWorkload | Progress: 42/50 | Workload-time: 3.980888 | Model-update-time: 0.000000

ReportEsts: [1.9, 1.0, 1.0, 1.0, 1.9203821656050954, 1.0, 2.4, 1.0630402212746342, 2.0, 1.5384615384615385, 1.0, 1.0, 1.4285714285714286, 136.0, 1.0256410256410255, 1.5528067560854446, 1.0, 1.0103963612735543, 1.4230769230769231, 1.0, 1.0, 2.0, 1.0, 1.115715402658327, 1.3121553584272356, 1.0, 1.25, 1.0, 1.4166666666666667, 1.4444444444444444, 1.0, 1.8, 1.0969899665551839, 1.1614255765199162, 1.0, 53.0, 28.0, 2.857142857142857, 1.3495827843653931, 1.0, 1.1142297650130548, 1.0, 1.3333333333333333, 1.1938325991189427, 11.0, 1.0, 1.0660980810234542, 4.0, 1.6666666666666667, 19.0]

WORKLOAD-FINISHED | Type: QueryWorkload | Progress: 43/50 | Workload-time: 3.997882 | Model-update-time: 0.000000

ReportEsts: [1.0, 1.0, 1.0, 1.0, 1.0, 1.0, 1.0, 1.2360445712440113, 2.4038461538461537, 1.0, 1.3417780119087528, 2.933333333333333, 1.2123076923076923, 1.0, 1.0, 4.0, 1.0, 1.0725190839694656, 1.2352941176470589, 1.0, 1.0044219835754895, 1.3384615384615384, 15.0, 1.5006113964294447, 60, 2.1538461538461537, 2.0, 2.6, 1.3, 1.0234386709967525, 1.0, 1.0, 1.0, 1.4821428571428572, 1.0, 1.35, 1.0, 1.0, 2.0, 1.6648291069459757, 1.0, 1.0, 1.0, 140.0, 1.0, 1.0, 1.2284072804518902, 1.0, 18.0, 1.0]

WORKLOAD-FINISHED | Type: QueryWorkload | Progress: 44/50 | Workload-time: 4.034738 | Model-update-time: 0.000000

ReportEsts: [1.0, 3.1818181818181817, 1.2566715186802524, 1.129735935706085, 3.0, 2.0, 1.0, 1.0, 1.0827205882352942, 1.0, 1.0, 1.0, 87.0, 1.1194765204003079, 1.0, 1.0, 1.2078313253012047, 253.0, 1.0, 1.0, 3.0933333333333333, 2.0, 1.0, 1.0, 2.5555555555555554, 1.0, 1.234726688102894, 133.0, 1.5714285714285714, 1.0, 1.0, 1.6666666666666667, 1.0, 1.2033195020746887, 1.1242937853107344, 100.0, 1.0666666666666667, 1.0, 1.0, 3.0, 1.0, 1.0419890276530188, 1.5775401069518717, 11.590909090909092, 2.25, 39.0, 1.1363636363636365, 1.0, 62.0, 2.0]

WORKLOAD-FINISHED | Type: QueryWorkload | Progress: 45/50 | Workload-time: 4.028864 | Model-update-time: 0.000000

Mean JS divergence: 0.1304

WORKLOAD-FINISHED | Type: DataUpdateWorkload | Progress: 46/50 | Workload-time: 3.676074 | Model-update-time: 19.848498

ReportEsts: [2.5, 31.0, 1.40625, 1.0608108108108107, 1.1666666666666667, 1.125, 63.0, 1.0185128046899106, 1.0, 1.0, 1.0, 1.1860372664435297, 2.0, 1.0, 1.0, 1.0, 193.0, 19, 1.2308940263051162, 1.0, 48.0, 1.2035928143712575, 1.0, 1.0, 1.169871794871795, 2.02027027027027, 2.7058823529411766, 1.0256012412723041, 1.5, 1.0, 1.3109756097560976, 1.0, 1.0, 1.0830134357005758, 1.58, 1.1588171216198897, 1.0241787122207622, 1.0147058823529411, 1.2592041282127617, 1.0, 1.0, 1.432748538011696, 1.0, 1.0401047328494115, 1.1153846153846154, 1.0, 1.0, 1.0, 1.0769230769230769, 15.0]

WORKLOAD-FINISHED | Type: QueryWorkload | Progress: 47/50 | Workload-time: 4.054073 | Model-update-time: 0.000000

ReportEsts: [1.0, 1.0, 1.8, 19, 1.0, 1.0, 1.2882152006831769, 1.0490518331226295, 2.0, 65.0, 27.0, 21.0, 2.0, 1.0, 1.0, 1.0, 1.0, 128.33333333333334, 1.6247796524804836, 1.0, 1.221830985915493, 1.0, 1.087227414330218, 2560.0, 32.0, 1.0, 2.0, 1.0, 1.0, 1.3025641025641026, 3.2560975609756095, 1.0048309178743962, 1.2653061224489797, 1.0, 1.0, 1.0, 3.0, 1.0, 1.0, 1.4404145077720207, 1.3333333333333333, 1.4, 1.5, 1.0, 2.0, 2.3333333333333335, 1.6688741721854305, 1.0886226773580652, 1.0, 1.1430904385840026]

WORKLOAD-FINISHED | Type: QueryWorkload | Progress: 48/50 | Workload-time: 4.025110 | Model-update-time: 0.000000

ReportEsts: [1.6666666666666667, 1.0, 1.0, 9.496815286624203, 1.0535660547697863, 1.0, 2.0, 66.0, 1.0, 1.0369318181818181, 1.0, 1.2181818181818183, 124.0, 1.0, 1.0, 1.021505376344086, 1.0, 1.511111111111111, 2.1, 2.0, 3.0, 1.0, 1.1, 2.0, 18.0, 1.0, 1.3956521739130434, 1.4166666666666667, 3.0338983050847457, 1.0616438356164384, 1.0, 3.0, 1.746765574462101, 1.0194285714285714, 1.065934065934066, 1.1435457953936796, 20.0, 1.0606877950101146, 1.096551724137931, 1.0, 1.0, 1.0, 1.0, 1.0, 1.775, 1.0334384858044163, 2.0, 2.0, 9.0, 27.0]

WORKLOAD-FINISHED | Type: QueryWorkload | Progress: 49/50 | Workload-time: 4.033833 | Model-update-time: 0.000000

ReportEsts: [1.0, 1.0, 1.0, 1.6484375, 2.0, 1.0, 1.0, 1.0, 34.0, 9.0, 1.0, 1.0, 1.0, 1.230593607305936, 1.3605720122574054, 1.0, 4.583333333333333, 1.0685527747551686, 1.0, 6.0, 42.0, 1.0047656629431763, 1.8160919540229885, 1.0119889937106918, 1.5714285714285714, 1.2949212544819135, 1.7573626775033104, 1.1533101045296168, 1.0714285714285714, 2.0, 1.0, 1.1689774696707105, 1.0, 1.0, 1.0694677018318364, 1.0588235294117647, 2.9130434782608696, 2.0, 23.0, 1.0, 1.0, 1.0, 488.0, 1.4444444444444444, 4.070588235294117, 1.0, 2.0, 17.0, 1.0, 1.0]

WORKLOAD-FINISHED | Type: QueryWorkload | Progress: 50/50 | Workload-time: 4.018592 | Model-update-time: 0.000000

Experiment Summary: #drift=13 | total-time=450.165536




Sum of Model-update-time = 257.7203
The 1st    ReportEsts -> max: 134.0000	99th: 110.4800	95th: 46.2000	median: 1.0542	mean: 7.5229
2nd to end ReportEsts -> max: 2560.0000	99th: 215.5300	95th: 47.0000	median: 1.1501	mean: 15.4431
