Input arguments = Namespace(data_update='single', dataset='forest', debug=False, drift_test='ddup', model_update='update', model='naru', random_seed=42, num_workload=50)

ReportEsts: [1.0, 1.0897511267881639, 1.0, 1.3409090909090908, 2.6666666666666665, 1.0, 1.1953125, 1.0, 1.5053533190578159, 1.0, 1.164179104477612, 66.0, 1.0, 2.5, 2.0615384615384613, 1.2027027027027026, 9.0, 22.0, 1.7924528301886793, 1.303030303030303, 1.0, 134.0, 1.0, 1.0, 1.5316455696202531, 1.0, 1.0697754039989045, 4.0, 1.0, 1.75, 1.5, 1.0, 1.0, 1.0, 1.0, 2.0, 1.0, 86.0, 1.0, 1.0, 2.0, 1.0, 1.8888888888888888, 1.0, 1.4959349593495934, 3.1176470588235294, 1.0, 2.0, 1.0, 1.0]

WORKLOAD-FINISHED | Type: QueryWorkload | Progress: 1/50 | Workload-time: 4.203530 | Model-update-time: 0.000000

WORKLOAD-FINISHED | Type: DataUpdateWorkload | Progress: 2/50 | Workload-time: 6.409848 | Model-update-time: 10.288434

ReportEsts: [1.0, 1.0, 2.25, 1.0, 1.6312849162011174, 1.0, 1.2944472319785918, 4.0, 1.0, 2.5, 1.3194602380410887, 1.0, 1.0, 1.0, 1.0, 1.0, 1.0, 1.0, 1.0, 1.0, 1.0, 1.59375, 1.1787234042553192, 1.0, 1.0, 41.0, 1.0, 1.193661971830986, 1.066615292674488, 1.375, 2.0, 1.0, 1.0, 1.0, 1.0, 3.0, 80.0, 1.4285714285714286, 1.0, 1.0, 1.5, 1.0, 64.0, 1.68, 1.0, 1.032258064516129, 1.2133907100367043, 1.0909090909090908, 1.5892857142857142, 1.0]

WORKLOAD-FINISHED | Type: QueryWorkload | Progress: 3/50 | Workload-time: 4.195511 | Model-update-time: 0.000000

ReportEsts: [1.0411409764125068, 1.0, 2.0, 1.5, 1.0, 2.0, 1.0, 18, 1.885171102661597, 2.0, 1.8285714285714285, 1.1729503916449087, 1.0, 19.0, 1.0201342281879195, 1.2108089963074857, 1.1611650485436893, 1.0, 6.267843782732306, 1.3685121107266436, 1.0, 1.0, 1.1179717958907494, 2.0, 15.0, 1.146918013165769, 1.0, 1.0, 1.0, 2.3333333333333335, 1.2542108198549917, 1.0, 1.75, 32.0, 1.0, 6.0, 1.0328798185941044, 1.2026049204052098, 1.0, 2.0, 2.0, 1.0, 2.5, 1.213740458015267, 1.3996588971006254, 1.0, 23.0, 4.0, 1.1666666666666667, 66.0]

WORKLOAD-FINISHED | Type: QueryWorkload | Progress: 4/50 | Workload-time: 4.378128 | Model-update-time: 0.000000

WORKLOAD-FINISHED | Type: DataUpdateWorkload | Progress: 5/50 | Workload-time: 6.494442 | Model-update-time: 10.354433

ReportEsts: [184, 1.0, 1.4797297297297298, 1.6065065840433772, 1.0, 4.0, 1.027299484915379, 1.0, 1.3777777777777778, 1.8936, 168.0, 1.0, 2.2857142857142856, 1.25, 1.0545454545454545, 113.0, 1.7222222222222223, 1.4539473684210527, 1.0, 1.0508004926108374, 5.0, 6.0, 1.0, 411.0, 1.7753151111740546, 1.0, 1.5, 34.0, 1.0869565217391304, 1.1952277657266812, 1.0, 1.0, 1.0, 1.0, 1.033210332103321, 56.0, 1.4, 1.1666666666666667, 1.0, 68.5, 1.8708427510494026, 2.0939286828152617, 1.0, 1.0, 1.0, 1.0, 1.0, 1.1161556603773586, 1.0, 1.0]

WORKLOAD-FINISHED | Type: QueryWorkload | Progress: 6/50 | Workload-time: 4.128057 | Model-update-time: 0.000000

ReportEsts: [1.1791044776119404, 1.0, 1.0, 1.0, 1.239202657807309, 1.0, 1.0, 1.0, 1.0, 1.0, 1.397467018469657, 1.0, 1.0, 9.45, 10.0, 1.1176470588235294, 1.2785132935431363, 1.736842105263158, 1.0, 1.0507246376811594, 1.0, 1.0117145899893503, 1.0562913907284768, 1.0, 1.01772313940143, 2.0, 17.0, 1.0399831095164964, 1.2064220183486238, 8.0, 1.236661384046487, 1.75, 1.0, 1.6470588235294117, 82.0, 1.036331489950016, 1.0, 1.0, 1.0309777347531461, 1.2, 1.0454545454545454, 1.0, 1.0, 1.1156462585034013, 1.086377262129455, 1.0, 1.0, 1.0, 1.2111628553555294, 1.4334394308181988]

WORKLOAD-FINISHED | Type: QueryWorkload | Progress: 7/50 | Workload-time: 4.096071 | Model-update-time: 0.000000

ReportEsts: [1.059572006940428, 1.0984777694046721, 1.0, 1.0, 2.2051282051282053, 20.0, 1.0, 59.0, 2.0, 3.1044630676281426, 1.2069915092174712, 1.7142857142857142, 3.0, 1.0821692686935087, 1.0, 1.2239944521497919, 3.0, 1.3670370684536433, 52.0, 1.0, 13.0, 1.0, 1.0, 1.0, 1.0, 1.0, 1.0116616710378419, 1.0, 1.0, 2.142857142857143, 65.0, 1.458816351433801, 1.0, 1.1811903978954292, 5.404255319148936, 6.0, 1.5, 1.1135007330621347, 1.0, 1.0, 1.0952380952380953, 87.0, 1.037015503875969, 1.0, 2.5, 2.0, 2.0, 1.0, 1.0909090909090908, 1.6]

WORKLOAD-FINISHED | Type: QueryWorkload | Progress: 8/50 | Workload-time: 4.118974 | Model-update-time: 0.000000

ReportEsts: [1.5714285714285714, 1.0, 1.0, 3.2658002038735985, 1.0, 1.0, 1.1560674886437379, 10.0, 1.1294498381877023, 1.0, 1.2428919577579205, 1.1698140064528373, 61, 1.0, 1.146551724137931, 4.0, 1.710801393728223, 2.0, 1.0, 1.0, 75.5, 1.0, 1.0, 3.0, 1.1595744680851063, 1.0332968599754633, 1.0, 1.8888888888888888, 1.0, 3.6697819314641746, 1.3625, 1.0, 1.8571428571428572, 1.2, 217.0, 6.0, 2.0, 1.0, 1.5, 1.0, 1.8609271523178808, 1.1590818096890432, 1.3515882402635804, 1.0, 1.0, 1.1385542168674698, 1.5161290322580645, 1.5079787234042554, 1.429422143802382, 1.1213727443069599]

WORKLOAD-FINISHED | Type: QueryWorkload | Progress: 9/50 | Workload-time: 4.103769 | Model-update-time: 0.000000

WORKLOAD-FINISHED | Type: DataUpdateWorkload | Progress: 10/50 | Workload-time: 6.461219 | Model-update-time: 10.354315

ReportEsts: [1.0, 1.0, 1.6666666666666667, 1.4444444444444444, 3.787761425251743, 1.1764705882352942, 1.1428571428571428, 1.0, 1.0316868592730661, 2.3375, 3.0, 1.1171366594360086, 1.011111111111111, 37.0, 1.6834350663018312, 2.0, 1.2718446601941749, 1.1666666666666667, 1.3333333333333333, 1.0, 2.0, 62.5, 25.464788732394368, 1.3470919324577861, 1.0, 1.5, 116, 1.0000895322215502, 1.0, 1.0, 1.5215223533322253, 1.4326902579407377, 56.666666666666664, 1.389986932375041, 1.105263157894737, 1.0, 1.0, 2.5, 1.0, 1.2884615384615385, 1.341873603994219, 2.0, 1.0, 1.0, 1.0590482997498418, 3.0, 90.0, 2.984251968503937, 1.0278517608560975, 1.396153846153846]

WORKLOAD-FINISHED | Type: QueryWorkload | Progress: 11/50 | Workload-time: 4.051090 | Model-update-time: 0.000000

WORKLOAD-FINISHED | Type: DataUpdateWorkload | Progress: 12/50 | Workload-time: 6.412501 | Model-update-time: 10.352175

WORKLOAD-FINISHED | Type: DataUpdateWorkload | Progress: 13/50 | Workload-time: 6.432743 | Model-update-time: 10.633287

WORKLOAD-FINISHED | Type: DataUpdateWorkload | Progress: 14/50 | Workload-time: 6.515162 | Model-update-time: 10.490563

ReportEsts: [1.4523809523809523, 1.8, 1.2472560299062867, 1.0, 1.0, 1.4, 5.698412698412699, 1.8333333333333333, 3.8333333333333335, 3.0, 1.0, 108.0, 3.4375, 1.1911160438710804, 31.0, 1.0, 47.0, 1.3615819209039548, 1.0, 1.0, 2.0, 1.0, 1.6818181818181819, 1.0, 1.0571428571428572, 1.0, 1.5483870967741935, 1.1904761904761905, 1.144578313253012, 1.0, 3.0, 5.0, 2.0, 1.0, 73.0, 1.0, 1.2169098984771574, 1.0, 1.5113636363636365, 1.0027777777777778, 161.0, 2.8518518518518516, 153.0, 1.2439024390243902, 1.8090277777777777, 1.0335707019328586, 32.0, 1.221453287197232, 1.0, 1.0576923076923077]

WORKLOAD-FINISHED | Type: QueryWorkload | Progress: 15/50 | Workload-time: 4.084016 | Model-update-time: 0.000000

WORKLOAD-FINISHED | Type: DataUpdateWorkload | Progress: 16/50 | Workload-time: 6.579561 | Model-update-time: 10.482340

ReportEsts: [1.0, 214.0, 1.0, 55.0, 1.5057522123893805, 1.6394736842105264, 1.0, 1.5, 1.0, 1.3, 1.4151732377538828, 1.0, 14.0, 1.256926952141058, 1.0395869191049913, 1.0, 1.0, 1.0, 1.3, 1.0, 1.142467886337096, 1.0, 1.0, 1.0, 1.236724960254372, 1.083626141953619, 41.32738095238095, 1.0541782492766778, 1.3786833855799374, 1.8028169014084507, 1.0769230769230769, 1.0, 1.3333333333333333, 69.75, 1.1520298378998708, 1.2777777777777777, 1.1666666666666667, 1.0, 1.0, 1.0, 1.0616531566179517, 1.0, 1.0, 40.0, 1.0, 2.0, 1.0, 13.5, 1.0, 1.0]

WORKLOAD-FINISHED | Type: QueryWorkload | Progress: 17/50 | Workload-time: 4.112323 | Model-update-time: 0.000000

ReportEsts: [1.8038879359634077, 1.0, 1.0, 1.214769975786925, 2.8666666666666667, 1.0526315789473684, 1.0, 1.5675468442996119, 1.0212765957446808, 1.0, 1.9213483146067416, 2.0, 1.4444444444444444, 71.2, 207.0, 1.0376868096166343, 1.0, 1.2, 1.0, 2.0, 7.5, 1.9625, 1.3190097915779748, 1.0, 713.0, 1.0, 38.0, 1.0, 1.0, 50.0, 2.0, 1.0, 1.414486921529175, 1.0, 1.0, 1.0, 2.7887700534759357, 1.5, 3.357142857142857, 1.7431192660550459, 2.0, 1.0, 1.2418866291648636, 1.0, 1.5714285714285714, 1.0535477767265846, 1.0, 3, 1.9375, 1.0]

WORKLOAD-FINISHED | Type: QueryWorkload | Progress: 18/50 | Workload-time: 4.080841 | Model-update-time: 0.000000

ReportEsts: [1.0051247771836007, 2.0, 1.1780585870189546, 19.0, 3.0384615384615383, 3.0, 21.0, 1.0, 578.0, 2.0, 26, 1.039397426844813, 1.1666666666666667, 1.6782178217821782, 1.0, 1.0, 1.0, 46.857142857142854, 1.28125, 1.0, 1.0, 1.0, 3.6666666666666665, 13.0, 1.6357393803896518, 1.0, 1.7272727272727273, 1.0, 1.0, 1.442844548927417, 76.0, 1.0, 1.0, 1.0, 1.0, 2.7088607594936707, 1.0, 1.0, 1.0399675695153445, 1.6142857142857143, 1.0, 47.8125, 2.0, 1.0, 1.2, 1.0, 1.0, 1.667088180745237, 1.0, 1.0]

WORKLOAD-FINISHED | Type: QueryWorkload | Progress: 19/50 | Workload-time: 4.057851 | Model-update-time: 0.000000

ReportEsts: [1.0, 1.3333333333333333, 633.0, 1.0, 1.3333333333333333, 1.5, 1.1105263157894736, 1.0, 1.0, 1.281437125748503, 1.1292273078816002, 1.0, 1.0029397818871504, 1.2861985227157746, 35.0, 2.7142857142857144, 1.224730631092868, 1.0, 1.0, 10.5, 1.2775107133256376, 1.4366197183098592, 1.0, 1.0, 1.0, 1.0, 1741.0, 1.1487179487179486, 1.0658823529411765, 1.0, 3.3579842931937174, 1.4144144144144144, 1.0, 1.0, 1.0, 2.8461538461538463, 1.1666666666666667, 3.0, 1.5423514538558787, 3.5, 1.8855820105820107, 52, 1.0, 4.5, 1.0, 1.0, 1.0, 1.0, 1.0, 1.3321307913009524]

WORKLOAD-FINISHED | Type: QueryWorkload | Progress: 20/50 | Workload-time: 4.068020 | Model-update-time: 0.000000

ReportEsts: [1.0, 1.0, 5.03027789299046, 1.0, 1.6, 1.825, 1.2108475429434342, 1.0, 1.8647757255936674, 1.0, 2.0508474576271185, 194.32, 1.4789227166276346, 1.25, 1.0, 1.2093862815884477, 6.714285714285714, 95.0, 2.253050397877984, 5.8, 1.390869822986364, 3.5, 1.0, 1.0, 1.0, 8.0, 1.0, 1.0, 1.4444444444444444, 27.0, 36.0, 1.5469061876247505, 57.0, 1.7333333333333334, 26.0, 1.0, 1.0, 1.112755253033442, 1.0, 1.1542857142857144, 1.0, 1.0731220886446682, 2.5, 1.9, 1.0, 1.2222222222222223, 1.191041598427776, 1.1304486923138446, 7.0, 1.0]

WORKLOAD-FINISHED | Type: QueryWorkload | Progress: 21/50 | Workload-time: 4.091861 | Model-update-time: 0.000000

ReportEsts: [1.0, 1.0, 1.329512893982808, 1.0155038759689923, 1.3269662921348315, 1.6292134831460674, 1.0, 1.0, 2.0, 32.0, 1.0, 1.0, 3.0, 1.0, 2.0, 1.0933215391419726, 1.2604790419161678, 1.0788906452076448, 1.0, 1.0555555555555556, 1.0, 1.0, 1.0, 1.0, 1.0, 47.0, 1.334248455730954, 16.0, 1.0, 1.0, 36.0, 1.0, 2.076923076923077, 1.0, 1.0, 99.0, 191.0, 33.546875, 2.0, 10.058823529411764, 1.3112582781456954, 1.3495495495495495, 1.7945205479452055, 1.3333333333333333, 2.603883495145631, 1.603960396039604, 1.0919540229885059, 1.0, 1.0, 1.0]

WORKLOAD-FINISHED | Type: QueryWorkload | Progress: 22/50 | Workload-time: 4.062768 | Model-update-time: 0.000000

WORKLOAD-FINISHED | Type: DataUpdateWorkload | Progress: 23/50 | Workload-time: 6.665097 | Model-update-time: 10.816558

WORKLOAD-FINISHED | Type: DataUpdateWorkload | Progress: 24/50 | Workload-time: 6.486789 | Model-update-time: 10.398317

ReportEsts: [3.143929588402796, 1.106969205834684, 1.0, 6.883720930232558, 1.0, 47.0, 1.0277777777777777, 1.1774193548387097, 11.0, 2.4285714285714284, 1.0, 1.1666666666666667, 1.3803131991051454, 1.0, 1.0, 2.9166666666666665, 1.0, 1.0, 1.0, 1.0, 1.1815306497525282, 2.1176470588235294, 1.0, 33.5, 35.857142857142854, 1.0, 3.0, 1.0, 1.794871794871795, 1.0, 1.0093457943925233, 1.0, 1.6, 1.3973063973063973, 1.8261744966442952, 1.0, 1.0, 1.1985956196708782, 1.6830883478793446, 1.0, 1.0684080256990889, 1.1, 1.0, 1.0, 1.0, 1.9375, 1.0, 1.0, 2.6927639383155397, 1.131294964028777]

WORKLOAD-FINISHED | Type: QueryWorkload | Progress: 25/50 | Workload-time: 4.080113 | Model-update-time: 0.000000

WORKLOAD-FINISHED | Type: DataUpdateWorkload | Progress: 26/50 | Workload-time: 6.517701 | Model-update-time: 10.414210

ReportEsts: [1.0, 1.7602456090247036, 1.1555555555555554, 1.0, 1.354577369700243, 1.4545454545454546, 3.0, 1.430232558139535, 1.0, 1.1153846153846154, 1.0304810336775465, 2.0, 1.1710618764344933, 3.0, 2.0, 3.0, 1.0, 1.0, 1.0, 1.022950819672131, 5.779661016949152, 1.0, 1.0, 3.0, 1.0586297760210803, 1.0, 3.0, 4.0, 1.0, 1.0, 37.0, 1.010004764173416, 11.0, 1.2308267552970502, 43.0, 1.0028021270691843, 1.0, 1.0, 1.0, 1.0, 1.0, 1.0, 1.25, 1.4386252045826513, 1.0, 1.0, 2.3289473684210527, 1.4807692307692308, 1.0392609699769053, 1.0]

WORKLOAD-FINISHED | Type: QueryWorkload | Progress: 27/50 | Workload-time: 4.202332 | Model-update-time: 0.000000

WORKLOAD-FINISHED | Type: DataUpdateWorkload | Progress: 28/50 | Workload-time: 6.631484 | Model-update-time: 10.391370

WORKLOAD-FINISHED | Type: DataUpdateWorkload | Progress: 29/50 | Workload-time: 6.651984 | Model-update-time: 10.340235

WORKLOAD-FINISHED | Type: DataUpdateWorkload | Progress: 30/50 | Workload-time: 6.578108 | Model-update-time: 10.333463

WORKLOAD-FINISHED | Type: DataUpdateWorkload | Progress: 31/50 | Workload-time: 6.634062 | Model-update-time: 10.496708

ReportEsts: [1.2708163113719082, 1.129496402877698, 1.0, 1.6, 3.0, 1.0, 2.0, 1.0, 1.0, 3.0, 1.0, 1.0, 5.666666666666667, 4.814814814814815, 1.1830209481808158, 1.1692307692307693, 1.0, 1.0, 1.0, 1.0, 2.0, 1.0, 1.1120507399577166, 1.4123314065510597, 4.666666666666667, 1.205128205128205, 1.3955753443717824, 1.6407766990291262, 1.0, 1.0888888888888888, 1.017910447761194, 1.0454545454545454, 1.0, 2.0, 2.533333333333333, 2.5, 1.0, 1.0, 2.0, 1.0, 1.309542552260999, 1.0, 1.1801115982463133, 1.0, 141.0, 1.1607142857142858, 1.6666666666666667, 1.0918918918918918, 1.0, 1.0]

WORKLOAD-FINISHED | Type: QueryWorkload | Progress: 32/50 | Workload-time: 4.052758 | Model-update-time: 0.000000

ReportEsts: [1.0, 2.625, 1.9735099337748345, 1.0, 1.1837913919549596, 1.0, 4.0, 1.088939566704675, 1.0, 1.1666666666666667, 28.8, 35.0, 1.0, 34.0, 1.265017667844523, 1.0, 1.0, 1.0, 2.391304347826087, 1.0, 1.004257256883138, 1.0202761537504665, 3.0, 1.0097087378640777, 62.0, 1.0, 2.761904761904762, 1.0, 4.0, 1.0, 1.101184118876248, 1.16, 2.2, 1.3586776859504133, 1.1420454545454546, 1.3515151515151516, 5.0, 1.0, 1.0, 1.220219171934024, 1.0780141843971631, 1.275025278058645, 2.438382541720154, 1.1428571428571428, 1.0, 1.2429906542056075, 1.0, 1.2581327691087014, 11.0, 1.2391304347826086]

WORKLOAD-FINISHED | Type: QueryWorkload | Progress: 33/50 | Workload-time: 4.033582 | Model-update-time: 0.000000

ReportEsts: [1.0, 1.136301910626875, 3.4, 3.3333333333333335, 1.0, 1.277205553067622, 1.0, 1.2803030303030303, 1.0, 1.1236141520353662, 1.0, 1.0, 1.0, 2.0, 1.0, 1.0, 1.0, 1.0, 1.0662110209312259, 1.379803698347743, 1.0, 1.0, 1.0, 1.0, 1.0, 1.3565891472868217, 1.0675675675675675, 1.1, 83.0, 1.0, 1.509090909090909, 1.0, 2.0, 1.2387999071494893, 1.0, 1.2817688252419546, 1.2560975609756098, 3.0, 1.0, 1.0, 1.0, 9.4375, 2.439175257731959, 1.0, 1.4197530864197532, 1.5421295505041872, 1.0, 1.0, 1.1357142857142857, 1.0430379746835443]

WORKLOAD-FINISHED | Type: QueryWorkload | Progress: 34/50 | Workload-time: 4.215195 | Model-update-time: 0.000000

WORKLOAD-FINISHED | Type: DataUpdateWorkload | Progress: 35/50 | Workload-time: 6.556091 | Model-update-time: 10.583339

ReportEsts: [1.0, 1.3793103448275863, 1.0, 29.0, 11.225806451612904, 1.0, 1.0335600907029479, 1.0, 61.0, 9.428571428571429, 3.8, 1.5, 36.0, 1.0, 1.1, 1.0, 47.0, 1.0, 1.2, 1.0, 1.0, 2.1615278991386844, 2.0, 1.2592592592592593, 1.3649289099526067, 2.5153846153846153, 1.0, 1.2251406689590496, 1.0, 1.0, 1.264695968720507, 1.0, 2.5, 1.0, 1.0098039215686274, 2.0, 1.1828941424484265, 1.0, 1.0, 1.1524771213024654, 1.2780269058295963, 1.0, 3.0, 8.0, 2.6666666666666665, 1.0, 1.0, 1.3778425655976676, 1.2186379928315412, 1.0]

WORKLOAD-FINISHED | Type: QueryWorkload | Progress: 36/50 | Workload-time: 4.107641 | Model-update-time: 0.000000

ReportEsts: [1.0004123711340207, 1.0, 11.0, 1.5, 1.0, 1.5423728813559323, 6.461538461538462, 1.0, 1.035744011088837, 1.1763955342902712, 1.3641304347826086, 1.0, 1.25, 1.0, 1.0, 1.0, 1.8333333333333333, 1.0, 1.0731707317073171, 3.3333333333333335, 1.0, 1.6666666666666667, 1.9166666666666667, 1.5818181818181818, 1.565217391304348, 1.0, 1.3209876543209877, 3.588235294117647, 1.0, 1.0, 1.3333333333333333, 307.0, 46.0, 1.4537978468899522, 1.0, 1.0, 101.0, 1.4533333333333334, 1.5, 1.0, 58.0, 1.90625, 1.0861344537815125, 1.5455955535448846, 1.1352179916220075, 4.2397690733703595, 1.0, 1.2384, 1.0, 1.0]

WORKLOAD-FINISHED | Type: QueryWorkload | Progress: 37/50 | Workload-time: 4.143703 | Model-update-time: 0.000000

WORKLOAD-FINISHED | Type: DataUpdateWorkload | Progress: 38/50 | Workload-time: 6.604440 | Model-update-time: 10.418228

ReportEsts: [1.0, 1.0, 1.2546814054736433, 2.2857142857142856, 1.2202562538133008, 1.0, 1.4528301886792452, 1.104520634623046, 1.0, 1.0, 21.5, 1.0, 1.0, 1.0, 1.0540069686411149, 1.471307455627662, 1.7918781725888324, 3.0723684210526314, 3.0, 1.0, 3.5, 1.3388960205391527, 1.4444444444444444, 1.0, 17.0, 1.2439024390243902, 1.0714285714285714, 2.660377358490566, 1.0, 1.0, 1.0, 1.8461538461538463, 1.2, 4.285714285714286, 2.020408163265306, 35.0, 2.0, 1.0, 1261.0, 2.4, 2.3333333333333335, 6.0, 1.0, 1.0, 1.280054573122737, 2.5714285714285716, 1.0, 320.0, 1.0, 1.0]

WORKLOAD-FINISHED | Type: QueryWorkload | Progress: 39/50 | Workload-time: 4.063944 | Model-update-time: 0.000000

WORKLOAD-FINISHED | Type: DataUpdateWorkload | Progress: 40/50 | Workload-time: 6.618310 | Model-update-time: 10.308546

ReportEsts: [1661.0, 1.0, 3.0, 1.0, 1.4794520547945205, 1.0, 1.9807462940875789, 1.0763754045307443, 1.0, 1.1666666666666667, 1.0, 3.0, 2.0, 1.099502487562189, 2.0, 1.8161668839634941, 1.0, 1.0109644844120447, 1.0, 110.0, 182.0, 131.0, 2.2758620689655173, 717.0, 1.549645390070922, 1.0, 3.727272727272727, 2.399390243902439, 2.1538461538461537, 1.2203419650997265, 1.0, 1.0, 1.0644215428398949, 1.1437089781253071, 1.0, 1.0158730158730158, 1.5987261146496816, 1.5413793103448277, 1.3333333333333333, 1.0576923076923077, 1.3090277777777777, 3.6666666666666665, 3.769230769230769, 1.0, 1.6279588026260314, 2.0, 1.2489184251133643, 7.285714285714286, 1.0, 2.0]

WORKLOAD-FINISHED | Type: QueryWorkload | Progress: 41/50 | Workload-time: 4.079017 | Model-update-time: 0.000000

ReportEsts: [5.0, 1.0, 56.0, 1.0, 1.1356275303643724, 1.5, 1.338198120856584, 23.0, 1.0, 1.0, 1.0, 9.0, 1.4242424242424243, 1.0, 4.886956521739131, 1.1051762114537445, 3.0, 1.0, 1.0, 1.120799777839489, 18.0, 2.0, 16.0, 1.038560411311054, 1.251700680272109, 1.0, 1.0, 1.349809885931559, 1.0590564384391532, 1.0, 1.0, 1.7272727272727273, 1.1056511056511056, 1.2727272727272727, 1.2905811623246493, 1.0, 2.0, 1.0, 1.0, 1.0, 3.4886587771203157, 1.0, 1.3729338842975207, 1.0, 25.0, 1.0942804735701184, 1.2523779327837667, 1.0, 1.8181818181818181, 1.0]

WORKLOAD-FINISHED | Type: QueryWorkload | Progress: 42/50 | Workload-time: 4.023239 | Model-update-time: 0.000000

ReportEsts: [1.7894736842105263, 1.0, 1.5, 1.0, 1.197452229299363, 1.0, 4.0, 1.104068226345511, 2.0, 5.0, 1.0, 1.0, 1.5714285714285714, 136.0, 1.0769230769230769, 1.476662887377173, 1.0, 1.1022508038585208, 1.3461538461538463, 1.0, 1.0, 2.0, 1.0, 1.2799061767005473, 1.506864161849711, 1.0, 2.0, 1.0, 1.0476190476190477, 1.1818181818181819, 1.0, 2.6, 1.1964882943143813, 1.611913357400722, 1.0, 53.0, 28.0, 4.285714285714286, 1.1327770458205242, 1.0, 1.06487835308796, 1.0, 1.6, 1.7070484581497798, 11.0, 1.0, 1.352, 2.0, 1.3333333333333333, 19.0]

WORKLOAD-FINISHED | Type: QueryWorkload | Progress: 43/50 | Workload-time: 4.010153 | Model-update-time: 0.000000

ReportEsts: [1.0, 1.0, 1.0, 1.0, 1.0, 1.0, 1.0, 1.1962641976637778, 3.90625, 1.0, 1.4608336126941557, 2.142857142857143, 1.3177257525083612, 1.0, 1.0, 4.0, 1.0, 1.1293103448275863, 2.0, 1.0, 1.3577358490566038, 1.1153846153846154, 15.0, 1.6323490289970737, 60, 2.4615384615384617, 2.0, 3.0, 1.625, 1.0410043364345016, 1.0, 1.0, 1.5, 1.6875, 1.0, 1.4210526315789473, 1.0, 1.0, 2.0, 1.4876847290640394, 1.0, 1.0, 1.0, 140.0, 1.0, 1.0, 1.1814802298073674, 1.0, 18.0, 1.0]

WORKLOAD-FINISHED | Type: QueryWorkload | Progress: 44/50 | Workload-time: 4.013304 | Model-update-time: 0.000000

ReportEsts: [1.0, 3.1818181818181817, 1.2943371943371944, 1.3926521239954075, 3.0, 2.0, 1.0, 1.0, 1.237691001697793, 1.5, 1.0, 1.0, 87.0, 1.2075442648190917, 1.0, 1.0, 1.2108433734939759, 253.0, 1.0, 1.0, 2.8292682926829267, 2.5, 1.0, 1.0, 3.8333333333333335, 1.0, 1.2167449139280124, 133.0, 2.2857142857142856, 1.0, 1.0, 1.6666666666666667, 1.4, 1.0524017467248907, 1.1977401129943503, 100.0, 1.032258064516129, 1.0, 2.0, 6.0, 1.0, 1.0450095051279258, 2.2459893048128343, 28.333333333333332, 2.25, 39.0, 1.5041322314049588, 1.0, 62.0, 2.0]

WORKLOAD-FINISHED | Type: QueryWorkload | Progress: 45/50 | Workload-time: 3.991625 | Model-update-time: 0.000000

WORKLOAD-FINISHED | Type: DataUpdateWorkload | Progress: 46/50 | Workload-time: 6.480907 | Model-update-time: 10.182752

ReportEsts: [3.0, 31.0, 1.7307692307692308, 1.1719745222929936, 2.142857142857143, 1.0555555555555556, 21.0, 1.070826124567474, 1.0, 1.0, 1.0, 1.023413609816917, 2.0, 1.0, 1.0, 1.0, 193.0, 19.0, 1.2256212770253703, 1.0, 48.0, 1.8272727272727274, 1.0, 1.0, 1.266025641025641, 1.3243243243243243, 1.7730192719486082, 1.245700824499411, 1.1129032258064515, 1.0, 1.0372093023255815, 1.0, 1.0, 1.256092157731502, 1.2933333333333332, 1.3080381898401523, 1.0532432432432433, 1.3043478260869565, 1.382304526748971, 1.0, 1.0, 2.084795321637427, 1.3333333333333333, 1.3562293497561304, 1.0297029702970297, 1.0, 1.0, 1.0, 1.2142857142857142, 15.0]

WORKLOAD-FINISHED | Type: QueryWorkload | Progress: 47/50 | Workload-time: 4.050374 | Model-update-time: 0.000000

ReportEsts: [1.0, 1.0, 4.5, 19, 1.0, 1.0, 1.1976942783945346, 1.5801562807800906, 1.5, 65.0, 27.0, 21.0, 3.0, 1.0, 1.0, 1.0, 1.0, 128.33333333333334, 1.9134045077105575, 1.0, 1.221830985915493, 1.0, 1.2234957020057307, 77.57575757575758, 32.0, 1.0, 2.0, 1.0, 1.0, 1.117948717948718, 2.870967741935484, 1.2606060606060605, 1.0689655172413792, 1.0, 1.0, 1.0, 1.3333333333333333, 1.0, 1.0, 1.2918825561312608, 1.0, 1.6, 3.0, 1.0, 3.0, 1.6666666666666667, 1.7086092715231789, 1.0666602260651146, 1.0, 1.2903849858048524]

WORKLOAD-FINISHED | Type: QueryWorkload | Progress: 48/50 | Workload-time: 4.053166 | Model-update-time: 0.000000

ReportEsts: [1.0, 1.0, 1.0, 9.80921052631579, 1.4330191373893173, 1.0, 1.5, 66.0, 1.0, 1.1670217803030303, 1.0, 1.3673469387755102, 124.0, 1.0, 1.0, 1.1368421052631579, 1.0, 1.56, 3.0, 2.0, 3.0, 1.0, 1.4181818181818182, 2.0, 18.0, 1.0, 2.183673469387755, 1.1333333333333333, 2.753846153846154, 1.288812785388128, 1.0, 1.5, 1.6625397356533378, 1.0670731707317074, 1.2087912087912087, 1.0830208891269417, 20.0, 1.366149696561025, 1.1507936507936507, 1.0, 1.0, 1.0, 1.0, 1.0, 1.4489795918367347, 2.077023878858474, 1.0, 2.0, 9.0, 27.0]

WORKLOAD-FINISHED | Type: QueryWorkload | Progress: 49/50 | Workload-time: 4.033290 | Model-update-time: 0.000000

ReportEsts: [1.0, 1.5, 1.0, 1.3333333333333333, 2.0, 1.0, 1.0, 1.0, 34.0, 9.0, 1.0, 1.0, 1.0, 1.178082191780822, 1.0269853508095605, 1.0, 3.0555555555555554, 1.2328618063112078, 1.0, 6.0, 42.0, 1.6558102131081625, 1.4766355140186915, 1.00487900078064, 1.1428571428571428, 1.070802886579222, 1.277019314186567, 1.1202090592334495, 4.666666666666667, 2.0, 1.0, 1.1759098786828424, 1.0, 1.0, 1.06085645842866, 1.1470588235294117, 2.392857142857143, 1.3333333333333333, 23.0, 1.0, 1.0, 1.0, 488.0, 1.5555555555555556, 2.621212121212121, 1.0, 2.0, 17.0, 4.0, 1.0]

WORKLOAD-FINISHED | Type: QueryWorkload | Progress: 50/50 | Workload-time: 4.052494 | Model-update-time: 0.000000

Experiment Summary: #drift=18 | total-time=436.467872




Sum of Model-update-time = 187.6393
The 1st    ReportEsts -> max: 134.0000	99th: 110.4800	95th: 46.2000	median: 1.1270	mean: 7.6035
2nd to end ReportEsts -> max: 1741.0000	99th: 193.6732	95th: 47.0000	median: 1.1667	mean: 12.6833
